CGGTTS GENERIC DATA FORMAT VERSION = 2E
REV DATE = 2014-02-20
RCVR = GORGYTIMING SYREF25 18259999 2018 v00
CH = 12
IMS = 99999
LAB = SY82
X = +4314143.808 m
Y =  +452633.302 m
Z = +4660711.557 m
FRAME = ITRF
COMMENTS = NO COMMENTS
SYS DLY = 000.0 ns (GPS C1)     CAL_ID = NA
CAB DLY = 000.0 ns
REF DLY = 000.0 ns
REF = REF(SY82)
CKSUM = CF

SAT CL  MJD  STTIME TRKL ELV AZTH   REFSV      SRSV     REFSYS    SRSYS  DSG IOE MDTR SMDT MDIO SMDI FR HC FRC CK
             hhmmss s   .1dg .1dg    .1ns     .1ps/s     .1ns    .1ps/s .1ns     .1ns.1ps/s.1ns.1ps/s
G99 99 59542 000200 0780 099 0099 +9999999999 +99999       +1181   -964   31 999 9999 +999 9999 +999 00 00 L1C CF
G99 99 59542 001800 0780 099 0099 +9999999999 +99999       +1159     +9   21 999 9999 +999 9999 +999 00 00 L1C AE
G99 99 59542 003400 0780 099 0099 +9999999999 +99999       +1152   +495   20 999 9999 +999 9999 +999 00 00 L1C CD
G99 99 59542 005000 0780 099 0099 +9999999999 +99999       +1177   -145   20 999 9999 +999 9999 +999 00 00 L1C CC
G99 99 59542 010600 0780 099 0099 +9999999999 +99999       +1161   +882   27 999 9999 +999 9999 +999 00 00 L1C D4
G99 99 59542 012200 0780 099 0099 +9999999999 +99999       +1156   +409   30 999 9999 +999 9999 +999 00 00 L1C CB
G99 99 59542 013800 0780 099 0099 +9999999999 +99999       +1185  +1255   29 999 9999 +999 9999 +999 00 00 L1C EC
G99 99 59542 015400 0780 099 0099 +9999999999 +99999       +1190    +79   22 999 9999 +999 9999 +999 00 00 L1C C2
G99 99 59542 021000 0780 099 0099 +9999999999 +99999       +1177   -583   27 999 9999 +999 9999 +999 00 00 L1C D7
G99 99 59542 022600 0780 099 0099 +9999999999 +99999       +1178   -228   28 999 9999 +999 9999 +999 00 00 L1C DC
G99 99 59542 024200 0780 099 0099 +9999999999 +99999       +1152    +15   20 999 9999 +999 9999 +999 00 00 L1C B2
G99 99 59542 025800 0780 099 0099 +9999999999 +99999       +1173   -424   26 999 9999 +999 9999 +999 00 00 L1C D8
G99 99 59542 031400 0780 099 0099 +9999999999 +99999       +1151   -239   24 999 9999 +999 9999 +999 00 00 L1C CF
G99 99 59542 033000 0780 099 0099 +9999999999 +99999       +1146   +340   20 999 9999 +999 9999 +999 00 00 L1C C4
G99 99 59542 034600 0780 099 0099 +9999999999 +99999       +1146   +420   27 999 9999 +999 9999 +999 00 00 L1C D1
G99 99 59542 040200 0780 099 0099 +9999999999 +99999       +1125   -399   25 999 9999 +999 9999 +999 00 00 L1C D6
G99 99 59542 041800 0780 099 0099 +9999999999 +99999       +1143   +135   21 999 9999 +999 9999 +999 00 00 L1C CB
G99 99 59542 043400 0780 099 0099 +9999999999 +99999       +1167   +269   21 999 9999 +999 9999 +999 00 00 L1C D7
G99 99 59542 045000 0780 099 0099 +9999999999 +99999       +1152   -353   21 999 9999 +999 9999 +999 00 00 L1C CB
G99 99 59542 050600 0780 099 0099 +9999999999 +99999       +1151   -696   23 999 9999 +999 9999 +999 00 00 L1C D8
G99 99 59542 052200 0780 099 0099 +9999999999 +99999       +1156   +428   23 999 9999 +999 9999 +999 00 00 L1C D2
G99 99 59542 053800 0780 099 0099 +9999999999 +99999       +1170   -190   20 999 9999 +999 9999 +999 00 00 L1C D0
G99 99 59542 055400 0780 099 0099 +9999999999 +99999       +1177   +118   29 999 9999 +999 9999 +999 00 00 L1C DC
G99 99 59542 061000 0780 099 0099 +9999999999 +99999       +1173   -311   27 999 9999 +999 9999 +999 00 00 L1C CC
G99 99 59542 062600 0780 099 0099 +9999999999 +99999       +1165   -122   20 999 9999 +999 9999 +999 00 00 L1C CD
G99 99 59542 064200 0780 099 0099 +9999999999 +99999       +1152   -730   21 999 9999 +999 9999 +999 00 00 L1C CD
G99 99 59542 065800 0780 099 0099 +9999999999 +99999       +1145   +300   21 999 9999 +999 9999 +999 00 00 L1C CD
G99 99 59542 071400 0780 099 0099 +9999999999 +99999       +1129   -301   20 999 9999 +999 9999 +999 00 00 L1C CA
G99 99 59542 073000 0780 099 0099 +9999999999 +99999       +1165   -190   22 999 9999 +999 9999 +999 00 00 L1C D0
G99 99 59542 074600 0780 099 0099 +9999999999 +99999       +1155   +627   31 999 9999 +999 9999 +999 00 00 L1C D9
G99 99 59542 080200 0780 099 0099 +9999999999 +99999       +1160   +844   26 999 9999 +999 9999 +999 00 00 L1C D3
G99 99 59542 081800 0780 099 0099 +9999999999 +99999       +1158   +707   30 999 9999 +999 9999 +999 00 00 L1C DA
G99 99 59542 083400 0780 099 0099 +9999999999 +99999       +1186   +780   36 999 9999 +999 9999 +999 00 00 L1C E0
G99 99 59542 085000 0780 099 0099 +9999999999 +99999       +1168   -821   28 999 9999 +999 9999 +999 00 00 L1C DD
G99 99 59542 090600 0780 099 0099 +9999999999 +99999       +1152   -442   22 999 9999 +999 9999 +999 00 00 L1C D1
G99 99 59542 092200 0780 099 0099 +9999999999 +99999       +1163     +6   32 999 9999 +999 9999 +999 00 00 L1C AC
G99 99 59542 093800 0780 099 0099 +9999999999 +99999       +1160   +398   22 999 9999 +999 9999 +999 00 00 L1C DD
G99 99 59542 095400 0780 099 0099 +9999999999 +99999       +1167    -68   21 999 9999 +999 9999 +999 00 00 L1C CD
G99 99 59542 102200 0780 099 0099 +9999999999 +99999       +1141   -862   27 999 9999 +999 9999 +999 00 00 L1C D0
G99 99 59542 103800 0780 099 0099 +9999999999 +99999       +1155   +281   28 999 9999 +999 9999 +999 00 00 L1C D6
G99 99 59542 105400 0780 099 0099 +9999999999 +99999       +1138  -1404   39 999 9999 +999 9999 +999 00 00 L1C E7
G99 99 59542 111000 0780 099 0099 +9999999999 +99999       +1131   +120   29 999 9999 +999 9999 +999 00 00 L1C C0
G99 99 59542 112600 0780 099 0099 +9999999999 +99999       +1127   -228   25 999 9999 +999 9999 +999 00 00 L1C D3
G99 99 59542 114200 0780 099 0099 +9999999999 +99999       +1141    +66   32 999 9999 +999 9999 +999 00 00 L1C B9
G99 99 59542 115800 0780 099 0099 +9999999999 +99999       +1126   -809   33 999 9999 +999 9999 +999 00 00 L1C DB
G99 99 59542 121400 0780 099 0099 +9999999999 +99999       +1135    +97   25 999 9999 +999 9999 +999 00 00 L1C C2
G99 99 59542 123000 0780 099 0099 +9999999999 +99999       +1128    -60   21 999 9999 +999 9999 +999 00 00 L1C B6
G99 99 59542 124600 0780 099 0099 +9999999999 +99999       +1135   -313   22 999 9999 +999 9999 +999 00 00 L1C CD
G99 99 59542 130200 0780 099 0099 +9999999999 +99999       +1097   +154   22 999 9999 +999 9999 +999 00 00 L1C CE
G99 99 59542 131800 0780 099 0099 +9999999999 +99999       +1104   -137   24 999 9999 +999 9999 +999 00 00 L1C CF
G99 99 59542 133400 0780 099 0099 +9999999999 +99999       +1115  +1027   27 999 9999 +999 9999 +999 00 00 L1C DF
G99 99 59542 135000 0780 099 0099 +9999999999 +99999       +1135   -269   30 999 9999 +999 9999 +999 00 00 L1C D2
G99 99 59542 142200 0780 099 0099 +9999999999 +99999       +1092   -727   29 999 9999 +999 9999 +999 00 00 L1C DB
G99 99 59542 143800 0780 099 0099 +9999999999 +99999       +1064    +84   28 999 9999 +999 9999 +999 00 00 L1C CA
G99 99 59542 155800 0780 099 0099 +9999999999 +99999       +1454   +321   33 999 9999 +999 9999 +999 00 00 L1C D6
G99 99 59542 161400 0780 099 0099 +9999999999 +99999       +1470   +107   19 999 9999 +999 9999 +999 00 00 L1C D3
G99 99 59542 163000 0780 099 0099 +9999999999 +99999       +1467   +421   23 999 9999 +999 9999 +999 00 00 L1C D1
G99 99 59542 164600 0780 099 0099 +9999999999 +99999       +1487   +514   26 999 9999 +999 9999 +999 00 00 L1C E0
G99 99 59542 170200 0780 099 0099 +9999999999 +99999       +1480   -196   29 999 9999 +999 9999 +999 00 00 L1C DD
G99 99 59542 171800 0780 099 0099 +9999999999 +99999       +1501   -205   23 999 9999 +999 9999 +999 00 00 L1C CF
G99 99 59542 173400 0780 099 0099 +9999999999 +99999       +1526   +313   31 999 9999 +999 9999 +999 00 00 L1C D1
G99 99 59542 175000 0780 099 0099 +9999999999 +99999       +1537   +194   23 999 9999 +999 9999 +999 00 00 L1C D9
G99 99 59542 180600 0780 099 0099 +9999999999 +99999       +1541   +807   23 999 9999 +999 9999 +999 00 00 L1C D7
G99 99 59542 182200 0780 099 0099 +9999999999 +99999       +1547  -1780   38 999 9999 +999 9999 +999 00 00 L1C F4
G99 99 59542 183800 0780 099 0099 +9999999999 +99999       +1538   +199   28 999 9999 +999 9999 +999 00 00 L1C EB
G99 99 59542 185400 0780 099 0099 +9999999999 +99999       +1529   -457   21 999 9999 +999 9999 +999 00 00 L1C E1
G99 99 59542 191000 0780 099 0099 +9999999999 +99999       +1523    +74   24 999 9999 +999 9999 +999 00 00 L1C C0
G99 99 59542 192600 0780 099 0099 +9999999999 +99999       +1520   -355   26 999 9999 +999 9999 +999 00 00 L1C DA
G99 99 59542 194200 0780 099 0099 +9999999999 +99999       +1532   +120   21 999 9999 +999 9999 +999 00 00 L1C CA
G99 99 59542 195800 0780 099 0099 +9999999999 +99999       +1543    +74   23 999 9999 +999 9999 +999 00 00 L1C CD
G99 99 59542 201400 0780 099 0099 +9999999999 +99999       +1544   +493   31 999 9999 +999 9999 +999 00 00 L1C D2
G99 99 59542 203000 0780 099 0099 +9999999999 +99999       +1554   +232   30 999 9999 +999 9999 +999 00 00 L1C C7
G99 99 59542 204600 0780 099 0099 +9999999999 +99999       +1535  -1305   29 999 9999 +999 9999 +999 00 00 L1C E9
G99 99 59542 210200 0780 099 0099 +9999999999 +99999       +1531   +313   25 999 9999 +999 9999 +999 00 00 L1C C6
G99 99 59542 211800 0780 099 0099 +9999999999 +99999       +1550   -423   27 999 9999 +999 9999 +999 00 00 L1C D4
G99 99 59542 213400 0780 099 0099 +9999999999 +99999       +1557   -467   31 999 9999 +999 9999 +999 00 00 L1C DC
G99 99 59542 215000 0780 099 0099 +9999999999 +99999       +1547   -170   32 999 9999 +999 9999 +999 00 00 L1C D1
G99 99 59542 220600 0780 099 0099 +9999999999 +99999       +1552   +747   24 999 9999 +999 9999 +999 00 00 L1C D8
G99 99 59542 222200 0780 099 0099 +9999999999 +99999       +1526   -620   28 999 9999 +999 9999 +999 00 00 L1C D3
G99 99 59542 223800 0780 099 0099 +9999999999 +99999       +1540   -355   22 999 9999 +999 9999 +999 00 00 L1C D5
G99 99 59542 225400 0780 099 0099 +9999999999 +99999       +1543   -425   27 999 9999 +999 9999 +999 00 00 L1C D9
G99 99 59542 231000 0780 099 0099 +9999999999 +99999       +1521   +321   26 999 9999 +999 9999 +999 00 00 L1C C6
G99 99 59542 232600 0780 099 0099 +9999999999 +99999       +1521   +244   30 999 9999 +999 9999 +999 00 00 L1C CC
G99 99 59542 234200 0780 099 0099 +9999999999 +99999       +1549    -88   24 999 9999 +999 9999 +999 00 00 L1C CF
