CGGTTS GENERIC DATA FORMAT VERSION = 2E
REV DATE = 2014-02-20
RCVR = GORGYTIMING SYREF25 18259999 2018 v00
CH = 12
IMS = 99999
LAB = SY82
X = +4314143.824 m
Y =  +452633.241 m
Z = +4660711.385 m
FRAME = ITRF
COMMENTS = NO COMMENTS
SYS DLY = 000.0 ns (GPS C1)     CAL_ID = NA
CAB DLY = 000.0 ns
REF DLY = 000.0 ns
REF = REF(SY82)
CKSUM = CE

SAT CL  MJD  STTIME TRKL ELV AZTH   REFSV      SRSV     REFSYS    SRSYS  DSG IOE MDTR SMDT MDIO SMDI FR HC FRC CK
             hhmmss s   .1dg .1dg    .1ns     .1ps/s     .1ns    .1ps/s .1ns     .1ns.1ps/s.1ns.1ps/s
G99 99 59549 000600 0780 099 0099 +9999999999 +99999       +1515   +366   20 999 9999 +999 9999 +999 00 00 L1C D3
G99 99 59549 002200 0780 099 0099 +9999999999 +99999       +1529   -102   19 999 9999 +999 9999 +999 00 00 L1C D4
G99 99 59549 003800 0780 099 0099 +9999999999 +99999       +1503   +248   21 999 9999 +999 9999 +999 00 00 L1C D5
G99 99 59549 005400 0780 099 0099 +9999999999 +99999       +1516   +189   21 999 9999 +999 9999 +999 00 00 L1C DB
G99 99 59549 011000 0780 099 0099 +9999999999 +99999       +1546  +1687   32 999 9999 +999 9999 +999 00 00 L1C ED
G99 99 59549 012600 0780 099 0099 +9999999999 +99999       +1546   -295   25 999 9999 +999 9999 +999 00 00 L1C E2
G99 99 59549 014200 0780 099 0099 +9999999999 +99999       +1535   -611   24 999 9999 +999 9999 +999 00 00 L1C D5
G99 99 59549 015800 0780 099 0099 +9999999999 +99999       +1531   -188   28 999 9999 +999 9999 +999 00 00 L1C E5
G99 99 59549 021400 0780 099 0099 +9999999999 +99999       +1515   -599   27 999 9999 +999 9999 +999 00 00 L1C E5
G99 99 59549 023000 0780 099 0099 +9999999999 +99999       +1514   -798   26 999 9999 +999 9999 +999 00 00 L1C E2
G99 99 59549 024600 0780 099 0099 +9999999999 +99999       +1524   -504   28 999 9999 +999 9999 +999 00 00 L1C DD
G99 99 59549 030200 0780 099 0099 +9999999999 +99999       +1535   -123   24 999 9999 +999 9999 +999 00 00 L1C D1
G99 99 59549 031800 0780 099 0099 +9999999999 +99999       +1514   +543   27 999 9999 +999 9999 +999 00 00 L1C DC
G99 99 59549 033400 0780 099 0099 +9999999999 +99999       +1498   +109   21 999 9999 +999 9999 +999 00 00 L1C DD
G99 99 59549 035000 0780 099 0099 +9999999999 +99999       +1522   -189   14 999 9999 +999 9999 +999 00 00 L1C DB
G99 99 59549 040600 0780 099 0099 +9999999999 +99999       +1539    -41   17 999 9999 +999 9999 +999 00 00 L1C CB
G99 99 59549 042200 0780 099 0099 +9999999999 +99999       +1530   +179   20 999 9999 +999 9999 +999 00 00 L1C D4
G99 99 59549 043800 0780 099 0099 +9999999999 +99999       +1533   -399   26 999 9999 +999 9999 +999 00 00 L1C EA
G99 99 59549 045400 0780 099 0099 +9999999999 +99999       +1537   +262   20 999 9999 +999 9999 +999 00 00 L1C D9
G99 99 59549 051000 0780 099 0099 +9999999999 +99999       +1550    -11   19 999 9999 +999 9999 +999 00 00 L1C BF
G99 99 59549 052600 0780 099 0099 +9999999999 +99999       +1558    -20   19 999 9999 +999 9999 +999 00 00 L1C CE
G99 99 59549 054200 0780 099 0099 +9999999999 +99999       +1553   -462   19 999 9999 +999 9999 +999 00 00 L1C E1
G99 99 59549 055800 0780 099 0099 +9999999999 +99999       +1567   -559   21 999 9999 +999 9999 +999 00 00 L1C ED
G99 99 59549 061400 0780 099 0099 +9999999999 +99999       +1539   -828   20 999 9999 +999 9999 +999 00 00 L1C E3
G99 99 59549 063000 0780 099 0099 +9999999999 +99999       +1531   +169   15 999 9999 +999 9999 +999 00 00 L1C D9
G99 99 59549 064600 0780 099 0099 +9999999999 +99999       +1534    +51   17 999 9999 +999 9999 +999 00 00 L1C CB
G99 99 59549 070200 0780 099 0099 +9999999999 +99999       +1545     -8   16 999 9999 +999 9999 +999 00 00 L1C B9
G99 99 59549 071800 0780 099 0099 +9999999999 +99999       +1542   +463   21 999 9999 +999 9999 +999 00 00 L1C DC
G99 99 59549 073400 0780 099 0099 +9999999999 +99999       +1578   +458   25 999 9999 +999 9999 +999 00 00 L1C EB
G99 99 59549 075000 0780 099 0099 +9999999999 +99999       +1580   +718   24 999 9999 +999 9999 +999 00 00 L1C E0
G99 99 59549 080600 0780 099 0099 +9999999999 +99999       +1616   +713   27 999 9999 +999 9999 +999 00 00 L1C E0
G99 99 59549 082200 0780 099 0099 +9999999999 +99999       +1593  -1758   36 999 9999 +999 9999 +999 00 00 L1C FE
G99 99 59549 083800 0780 099 0099 +9999999999 +99999       +1572   +198   24 999 9999 +999 9999 +999 00 00 L1C EA
G99 99 59549 085400 0780 099 0099 +9999999999 +99999       +1583   +279   23 999 9999 +999 9999 +999 00 00 L1C E9
G99 99 59549 091000 0780 099 0099 +9999999999 +99999       +1598   -225   26 999 9999 +999 9999 +999 00 00 L1C E4
G99 99 59549 092600 0780 099 0099 +9999999999 +99999       +1579    -92   20 999 9999 +999 9999 +999 00 00 L1C D6
G99 99 59549 095400 0780 099 0099 +9999999999 +99999       +1553   -299   18 999 9999 +999 9999 +999 00 00 L1C EF
G99 99 59549 101000 0780 099 0099 +9999999999 +99999       +1548   +197   21 999 9999 +999 9999 +999 00 00 L1C D8
G99 99 59549 102600 0780 099 0099 +9999999999 +99999       +1521   -683   26 999 9999 +999 9999 +999 00 00 L1C DD
G99 99 59549 104200 0780 099 0099 +9999999999 +99999       +1530   -189   22 999 9999 +999 9999 +999 00 00 L1C D8
G99 99 59549 105800 0780 099 0099 +9999999999 +99999       +1513   -737   26 999 9999 +999 9999 +999 00 00 L1C E3
G99 99 59549 111400 0780 099 0099 +9999999999 +99999       +1517   -142   25 999 9999 +999 9999 +999 00 00 L1C D5
G99 99 59549 113000 0780 099 0099 +9999999999 +99999       +1505    -79   16 999 9999 +999 9999 +999 00 00 L1C C9
G99 99 59549 114600 0780 099 0099 +9999999999 +99999       +1487   -141   19 999 9999 +999 9999 +999 00 00 L1C E2
G99 99 59549 120200 0780 099 0099 +9999999999 +99999       +1497   +123   18 999 9999 +999 9999 +999 00 00 L1C D9
G99 99 59549 121800 0780 099 0099 +9999999999 +99999       +1503   -638   19 999 9999 +999 9999 +999 00 00 L1C E2
G99 99 59549 123400 0780 099 0099 +9999999999 +99999       +1473   +395   21 999 9999 +999 9999 +999 00 00 L1C DD
G99 99 59549 125000 0780 099 0099 +9999999999 +99999       +1459   +169   15 999 9999 +999 9999 +999 00 00 L1C E1
G99 99 59549 130600 0780 099 0099 +9999999999 +99999       +1478   +563   20 999 9999 +999 9999 +999 00 00 L1C DE
G99 99 59549 132200 0780 099 0099 +9999999999 +99999       +1482   -291   18 999 9999 +999 9999 +999 00 00 L1C DE
G99 99 59549 135400 0780 099 0099 +9999999999 +99999       +1445   -595   22 999 9999 +999 9999 +999 00 00 L1C E4
G99 99 59549 141000 0780 099 0099 +9999999999 +99999       +1440   +163   19 999 9999 +999 9999 +999 00 00 L1C D3
G99 99 59549 142600 0780 099 0099 +9999999999 +99999       +1453    +96   21 999 9999 +999 9999 +999 00 00 L1C CC
G99 99 59549 144200 0780 099 0099 +9999999999 +99999       +1486   -271   21 999 9999 +999 9999 +999 00 00 L1C DD
G99 99 59549 145800 0780 099 0099 +9999999999 +99999       +1458    -42   19 999 9999 +999 9999 +999 00 00 L1C D6
G99 99 59549 151400 0780 099 0099 +9999999999 +99999       +1440   -418   19 999 9999 +999 9999 +999 00 00 L1C DD
G99 99 59549 153000 0780 099 0099 +9999999999 +99999       +1414   +322   19 999 9999 +999 9999 +999 00 00 L1C D4
G99 99 59549 154600 0780 099 0099 +9999999999 +99999       +1432   -415   25 999 9999 +999 9999 +999 00 00 L1C DD
G99 99 59549 160200 0780 099 0099 +9999999999 +99999       +1436   +709   29 999 9999 +999 9999 +999 00 00 L1C E2
G99 99 59549 161800 0780 099 0099 +9999999999 +99999       +1453    +80   21 999 9999 +999 9999 +999 00 00 L1C C8
G99 99 59549 163400 0780 099 0099 +9999999999 +99999       +1450   -622   34 999 9999 +999 9999 +999 00 00 L1C DB
G99 99 59549 165000 0780 099 0099 +9999999999 +99999       +1465   +391   21 999 9999 +999 9999 +999 00 00 L1C DC
G99 99 59549 170600 0780 099 0099 +9999999999 +99999       +1487    +86   29 999 9999 +999 9999 +999 00 00 L1C DB
G99 99 59549 172200 0780 099 0099 +9999999999 +99999       +1507   -257   26 999 9999 +999 9999 +999 00 00 L1C E1
G99 99 59549 173800 0780 099 0099 +9999999999 +99999       +1499   +420   28 999 9999 +999 9999 +999 00 00 L1C EA
G99 99 59549 175400 0780 099 0099 +9999999999 +99999       +1518  -1151   30 999 9999 +999 9999 +999 00 00 L1C ED
G99 99 59549 181000 0780 099 0099 +9999999999 +99999       +1501   +680   26 999 9999 +999 9999 +999 00 00 L1C D7
G99 99 59549 182600 0780 099 0099 +9999999999 +99999       +1495   -406   17 999 9999 +999 9999 +999 00 00 L1C E8
G99 99 59549 184200 0780 099 0099 +9999999999 +99999       +1489   +609   24 999 9999 +999 9999 +999 00 00 L1C EA
G99 99 59549 185800 0780 099 0099 +9999999999 +99999       +1513   -254   23 999 9999 +999 9999 +999 00 00 L1C E2
G99 99 59549 191400 0780 099 0099 +9999999999 +99999       +1508    +29   23 999 9999 +999 9999 +999 00 00 L1C CD
G99 99 59549 193000 0780 099 0099 +9999999999 +99999       +1518   +991   28 999 9999 +999 9999 +999 00 00 L1C E9
G99 99 59549 194600 0780 099 0099 +9999999999 +99999       +1528   +290   22 999 9999 +999 9999 +999 00 00 L1C E3
G99 99 59549 200200 0780 099 0099 +9999999999 +99999       +1534   +980   27 999 9999 +999 9999 +999 00 00 L1C DB
G99 99 59549 201800 0780 099 0099 +9999999999 +99999       +1521   -906   24 999 9999 +999 9999 +999 00 00 L1C DB
G99 99 59549 203400 0780 099 0099 +9999999999 +99999       +1510   +656   26 999 9999 +999 9999 +999 00 00 L1C D9
G99 99 59549 205000 0780 099 0099 +9999999999 +99999       +1548   +580   25 999 9999 +999 9999 +999 00 00 L1C DD
G99 99 59549 210600 0780 099 0099 +9999999999 +99999       +1531   -683   29 999 9999 +999 9999 +999 00 00 L1C E1
G99 99 59549 212200 0780 099 0099 +9999999999 +99999       +1525   +232   23 999 9999 +999 9999 +999 00 00 L1C D0
G99 99 59549 213800 0780 099 0099 +9999999999 +99999       +1526   -419   30 999 9999 +999 9999 +999 00 00 L1C DF
G99 99 59549 215400 0780 099 0099 +9999999999 +99999       +1511     -4   24 999 9999 +999 9999 +999 00 00 L1C B0
G99 99 59549 221000 0780 099 0099 +9999999999 +99999       +1520   -404   28 999 9999 +999 9999 +999 00 00 L1C D1
G99 99 59549 222600 0780 099 0099 +9999999999 +99999       +1524   -561   27 999 9999 +999 9999 +999 00 00 L1C DF
G99 99 59549 224200 0780 099 0099 +9999999999 +99999       +1504    +29   27 999 9999 +999 9999 +999 00 00 L1C C8
G99 99 59549 225800 0780 099 0099 +9999999999 +99999       +1506   +699   22 999 9999 +999 9999 +999 00 00 L1C E9
G99 99 59549 231400 0780 099 0099 +9999999999 +99999       +1548   -695   29 999 9999 +999 9999 +999 00 00 L1C ED
G99 99 59549 233000 0780 099 0099 +9999999999 +99999       +1530   -893   38 999 9999 +999 9999 +999 00 00 L1C E2
G99 99 59549 234600 0780 099 0099 +9999999999 +99999       +1519   -729   23 999 9999 +999 9999 +999 00 00 L1C E8
