CGGTTS GENERIC DATA FORMAT VERSION = 2E
REV DATE = 2014-02-20
RCVR = GORGYTIMING SYREF25 18259999 2018 v00
CH = 12
IMS = 99999
LAB = SY82
X = +4314143.824 m
Y =  +452633.241 m
Z = +4660711.385 m
FRAME = ITRF
COMMENTS = NO COMMENTS
SYS DLY = 000.0 ns (GPS C1)     CAL_ID = NA
CAB DLY = 000.0 ns
REF DLY = 000.0 ns
REF = REF(SY82)
CKSUM = CE

SAT CL  MJD  STTIME TRKL ELV AZTH   REFSV      SRSV     REFSYS    SRSYS  DSG IOE MDTR SMDT MDIO SMDI FR HC FRC CK
             hhmmss s   .1dg .1dg    .1ns     .1ps/s     .1ns    .1ps/s .1ns     .1ns.1ps/s.1ns.1ps/s
G99 99 59558 000200 0780 099 0099 +9999999999 +99999       +1529   +284   23 999 9999 +999 9999 +999 00 00 L1C D6
G99 99 59558 001800 0780 099 0099 +9999999999 +99999       +1535   +199   21 999 9999 +999 9999 +999 00 00 L1C DD
G99 99 59558 003400 0780 099 0099 +9999999999 +99999       +1573   +840   31 999 9999 +999 9999 +999 00 00 L1C D7
G99 99 59558 005000 0780 099 0099 +9999999999 +99999       +1562   -192   24 999 9999 +999 9999 +999 00 00 L1C D7
G99 99 59558 010600 0780 099 0099 +9999999999 +99999       +1559   -384   24 999 9999 +999 9999 +999 00 00 L1C E2
G99 99 59558 012200 0780 099 0099 +9999999999 +99999       +1551    -41   24 999 9999 +999 9999 +999 00 00 L1C BE
G99 99 59558 013800 0780 099 0099 +9999999999 +99999       +1537   -204   26 999 9999 +999 9999 +999 00 00 L1C DC
G99 99 59558 015400 0780 099 0099 +9999999999 +99999       +1551   -626   24 999 9999 +999 9999 +999 00 00 L1C DC
G99 99 59558 021000 0780 099 0099 +9999999999 +99999       +1556    +86   23 999 9999 +999 9999 +999 00 00 L1C C7
G99 99 59558 022600 0780 099 0099 +9999999999 +99999       +1549   -410   25 999 9999 +999 9999 +999 00 00 L1C DB
G99 99 59558 024200 0780 099 0099 +9999999999 +99999       +1530   +105   21 999 9999 +999 9999 +999 00 00 L1C CA
G99 99 59558 025800 0780 099 0099 +9999999999 +99999       +1501    +75   23 999 9999 +999 9999 +999 00 00 L1C C7
G99 99 59558 031400 0780 099 0099 +9999999999 +99999       +1517   +225   23 999 9999 +999 9999 +999 00 00 L1C D4
G99 99 59558 033000 0780 099 0099 +9999999999 +99999       +1524   +105   21 999 9999 +999 9999 +999 00 00 L1C CB
G99 99 59558 034600 0780 099 0099 +9999999999 +99999       +1513   +500   25 999 9999 +999 9999 +999 00 00 L1C D3
G99 99 59558 040200 0780 099 0099 +9999999999 +99999       +1501  -1137   32 999 9999 +999 9999 +999 00 00 L1C E0
G99 99 59558 041800 0780 099 0099 +9999999999 +99999       +1506   +511   25 999 9999 +999 9999 +999 00 00 L1C D7
G99 99 59558 043400 0780 099 0099 +9999999999 +99999       +1528   -401   22 999 9999 +999 9999 +999 00 00 L1C D6
G99 99 59558 045000 0780 099 0099 +9999999999 +99999       +1554   +204   27 999 9999 +999 9999 +999 00 00 L1C D7
G99 99 59558 050600 0780 099 0099 +9999999999 +99999       +1542   -669   30 999 9999 +999 9999 +999 00 00 L1C E1
G99 99 59558 052200 0780 099 0099 +9999999999 +99999       +1554    -64   26 999 9999 +999 9999 +999 00 00 L1C CC
G99 99 59558 053800 0780 099 0099 +9999999999 +99999       +1521   -555   22 999 9999 +999 9999 +999 00 00 L1C DE
G99 99 59558 055400 0780 099 0099 +9999999999 +99999       +1508   -704   29 999 9999 +999 9999 +999 00 00 L1C E4
G99 99 59558 061000 0780 099 0099 +9999999999 +99999       +1508   +202   23 999 9999 +999 9999 +999 00 00 L1C CE
G99 99 59558 062600 0780 099 0099 +9999999999 +99999       +1536   -161   21 999 9999 +999 9999 +999 00 00 L1C DA
G99 99 59558 064200 0780 099 0099 +9999999999 +99999       +1519   +398   21 999 9999 +999 9999 +999 00 00 L1C E3
G99 99 59558 065800 0780 099 0099 +9999999999 +99999       +1530   +301   20 999 9999 +999 9999 +999 00 00 L1C D2
G99 99 59558 071400 0780 099 0099 +9999999999 +99999       +1547   +255   22 999 9999 +999 9999 +999 00 00 L1C DD
G99 99 59558 073000 0780 099 0099 +9999999999 +99999       +1571   +478   21 999 9999 +999 9999 +999 00 00 L1C DE
G99 99 59558 074600 0780 099 0099 +9999999999 +99999       +1561   -722   23 999 9999 +999 9999 +999 00 00 L1C E0
G99 99 59558 080200 0780 099 0099 +9999999999 +99999       +1552   +522   20 999 9999 +999 9999 +999 00 00 L1C D2
G99 99 59558 081800 0780 099 0099 +9999999999 +99999       +1555   +328   18 999 9999 +999 9999 +999 00 00 L1C E7
G99 99 59558 083400 0780 099 0099 +9999999999 +99999       +1568   -517   25 999 9999 +999 9999 +999 00 00 L1C E9
G99 99 59558 085000 0780 099 0099 +9999999999 +99999       +1546   +197   19 999 9999 +999 9999 +999 00 00 L1C E8
G99 99 59558 091800 0780 099 0099 +9999999999 +99999       +1546   +494   22 999 9999 +999 9999 +999 00 00 L1C E7
G99 99 59558 093400 0780 099 0099 +9999999999 +99999       +1571   +748   27 999 9999 +999 9999 +999 00 00 L1C EA
G99 99 59558 095000 0780 099 0099 +9999999999 +99999       +1554   +719   25 999 9999 +999 9999 +999 00 00 L1C E5
G99 99 59558 100600 0780 099 0099 +9999999999 +99999       +1565    -58   25 999 9999 +999 9999 +999 00 00 L1C CE
G99 99 59558 102200 0780 099 0099 +9999999999 +99999       +1556   -451   22 999 9999 +999 9999 +999 00 00 L1C D6
G99 99 59558 103800 0780 099 0099 +9999999999 +99999       +1572   -242   22 999 9999 +999 9999 +999 00 00 L1C D9
G99 99 59558 105400 0780 099 0099 +9999999999 +99999       +1572   -641   29 999 9999 +999 9999 +999 00 00 L1C E1
G99 99 59558 111000 0780 099 0099 +9999999999 +99999       +1566   -769   25 999 9999 +999 9999 +999 00 00 L1C E4
G99 99 59558 112600 0780 099 0099 +9999999999 +99999       +1562   +128   19 999 9999 +999 9999 +999 00 00 L1C DD
G99 99 59558 114200 0780 099 0099 +9999999999 +99999       +1559   -513   25 999 9999 +999 9999 +999 00 00 L1C DE
G99 99 59558 115800 0780 099 0099 +9999999999 +99999       +1521   +470   23 999 9999 +999 9999 +999 00 00 L1C D8
G99 99 59558 121400 0780 099 0099 +9999999999 +99999       +1529   +243   21 999 9999 +999 9999 +999 00 00 L1C D5
G99 99 59558 123000 0780 099 0099 +9999999999 +99999       +1542   +209   26 999 9999 +999 9999 +999 00 00 L1C D5
G99 99 59558 124600 0780 099 0099 +9999999999 +99999       +1542   -384   21 999 9999 +999 9999 +999 00 00 L1C DD
G99 99 59558 131800 0780 099 0099 +9999999999 +99999       +1504   -445   24 999 9999 +999 9999 +999 00 00 L1C DC
G99 99 59558 133400 0780 099 0099 +9999999999 +99999       +1492   -530   24 999 9999 +999 9999 +999 00 00 L1C DB
G99 99 59558 135000 0780 099 0099 +9999999999 +99999       +1514   +270   28 999 9999 +999 9999 +999 00 00 L1C D7
G99 99 59558 140600 0780 099 0099 +9999999999 +99999       +1528   -187   21 999 9999 +999 9999 +999 00 00 L1C E0
G99 99 59558 142200 0780 099 0099 +9999999999 +99999       +1500   -595   27 999 9999 +999 9999 +999 00 00 L1C DD
G99 99 59558 143800 0780 099 0099 +9999999999 +99999       +1494   -347   21 999 9999 +999 9999 +999 00 00 L1C E5
G99 99 59558 145400 0780 099 0099 +9999999999 +99999       +1479    +18   22 999 9999 +999 9999 +999 00 00 L1C D0
G99 99 59558 151000 0780 099 0099 +9999999999 +99999       +1491  -1023   27 999 9999 +999 9999 +999 00 00 L1C E7
G99 99 59558 152600 0780 099 0099 +9999999999 +99999       +1487   -220   26 999 9999 +999 9999 +999 00 00 L1C E0
G99 99 59558 154200 0780 099 0099 +9999999999 +99999       +1499   -170   19 999 9999 +999 9999 +999 00 00 L1C E7
G99 99 59558 155800 0780 099 0099 +9999999999 +99999       +1487   +428   32 999 9999 +999 9999 +999 00 00 L1C EA
G99 99 59558 161400 0780 099 0099 +9999999999 +99999       +1510   +696   22 999 9999 +999 9999 +999 00 00 L1C DC
G99 99 59558 163000 0780 099 0099 +9999999999 +99999       +1522   +110   27 999 9999 +999 9999 +999 00 00 L1C CF
G99 99 59558 164600 0780 099 0099 +9999999999 +99999       +1531   -402   27 999 9999 +999 9999 +999 00 00 L1C DC
G99 99 59558 170200 0780 099 0099 +9999999999 +99999       +1524   +342   24 999 9999 +999 9999 +999 00 00 L1C D5
G99 99 59558 171800 0780 099 0099 +9999999999 +99999       +1536  -2251   46 999 9999 +999 9999 +999 00 00 L1C F6
G99 99 59558 173400 0780 099 0099 +9999999999 +99999       +1509   +766   31 999 9999 +999 9999 +999 00 00 L1C E5
G99 99 59558 175000 0780 099 0099 +9999999999 +99999       +1504   +334   19 999 9999 +999 9999 +999 00 00 L1C DB
G99 99 59558 180600 0780 099 0099 +9999999999 +99999       +1519    +47   21 999 9999 +999 9999 +999 00 00 L1C CD
G99 99 59558 182200 0780 099 0099 +9999999999 +99999       +1536   +252   26 999 9999 +999 9999 +999 00 00 L1C DD
G99 99 59558 183800 0780 099 0099 +9999999999 +99999       +1539   -115   22 999 9999 +999 9999 +999 00 00 L1C E3
G99 99 59558 185400 0780 099 0099 +9999999999 +99999       +1539   -119   25 999 9999 +999 9999 +999 00 00 L1C E8
G99 99 59558 191000 0780 099 0099 +9999999999 +99999       +1533   +409   25 999 9999 +999 9999 +999 00 00 L1C DB
G99 99 59558 192600 0780 099 0099 +9999999999 +99999       +1532   +975   28 999 9999 +999 9999 +999 00 00 L1C EC
G99 99 59558 194200 0780 099 0099 +9999999999 +99999       +1529   -576   29 999 9999 +999 9999 +999 00 00 L1C F0
G99 99 59558 195800 0780 099 0099 +9999999999 +99999       +1518   +405   23 999 9999 +999 9999 +999 00 00 L1C E4
G99 99 59558 201400 0780 099 0099 +9999999999 +99999       +1551   +415   27 999 9999 +999 9999 +999 00 00 L1C D6
G99 99 59558 203000 0780 099 0099 +9999999999 +99999       +1553    -57   30 999 9999 +999 9999 +999 00 00 L1C C4
G99 99 59558 204600 0780 099 0099 +9999999999 +99999       +1555   -279   32 999 9999 +999 9999 +999 00 00 L1C E5
G99 99 59558 210200 0780 099 0099 +9999999999 +99999       +1548   -105   23 999 9999 +999 9999 +999 00 00 L1C D4
G99 99 59558 211800 0780 099 0099 +9999999999 +99999       +1522    +48   25 999 9999 +999 9999 +999 00 00 L1C C9
G99 99 59558 213400 0780 099 0099 +9999999999 +99999       +1536   +166   30 999 9999 +999 9999 +999 00 00 L1C D9
G99 99 59558 215000 0780 099 0099 +9999999999 +99999       +1540   -493   29 999 9999 +999 9999 +999 00 00 L1C DF
G99 99 59558 220600 0780 099 0099 +9999999999 +99999       +1514   -536   31 999 9999 +999 9999 +999 00 00 L1C D9
G99 99 59558 222200 0780 099 0099 +9999999999 +99999       +1517  +1161   29 999 9999 +999 9999 +999 00 00 L1C EA
G99 99 59558 223800 0780 099 0099 +9999999999 +99999       +1548   -577   28 999 9999 +999 9999 +999 00 00 L1C F0
G99 99 59558 225400 0780 099 0099 +9999999999 +99999       +1542   -709   30 999 9999 +999 9999 +999 00 00 L1C DE
G99 99 59558 231000 0780 099 0099 +9999999999 +99999       +1534   +326   24 999 9999 +999 9999 +999 00 00 L1C D4
G99 99 59558 232600 0780 099 0099 +9999999999 +99999       +1527   -102   21 999 9999 +999 9999 +999 00 00 L1C D4
G99 99 59558 234200 0780 099 0099 +9999999999 +99999       +1544   -523   20 999 9999 +999 9999 +999 00 00 L1C D7
