CGGTTS GENERIC DATA FORMAT VERSION = 2E
REV DATE = 2014-02-20
RCVR = GORGYTIMING SYREF25 18259999 2018 v00
CH = 12
IMS = 99999
LAB = SY82
X = +4314143.808 m
Y =  +452633.302 m
Z = +4660711.557 m
FRAME = ITRF
COMMENTS = NO COMMENTS
SYS DLY = 000.0 ns (GPS C1)     CAL_ID = NA
CAB DLY = 000.0 ns
REF DLY = 000.0 ns
REF = REF(SY82)
CKSUM = CF

SAT CL  MJD  STTIME TRKL ELV AZTH   REFSV      SRSV     REFSYS    SRSYS  DSG IOE MDTR SMDT MDIO SMDI FR HC FRC CK
             hhmmss s   .1dg .1dg    .1ns     .1ps/s     .1ns    .1ps/s .1ns     .1ns.1ps/s.1ns.1ps/s
G99 99 59540 001000 0780 099 0099 +9999999999 +99999       +1437  -1268   32 999 9999 +999 9999 +999 00 00 L1C DF
G99 99 59540 002600 0780 099 0099 +9999999999 +99999       +1415    +99   29 999 9999 +999 9999 +999 00 00 L1C C7
G99 99 59540 004200 0780 099 0099 +9999999999 +99999       +1419   +142   24 999 9999 +999 9999 +999 00 00 L1C C9
G99 99 59540 005800 0780 099 0099 +9999999999 +99999       +1434   -383   26 999 9999 +999 9999 +999 00 00 L1C D8
G99 99 59540 011400 0780 099 0099 +9999999999 +99999       +1421   +681   27 999 9999 +999 9999 +999 00 00 L1C CD
G99 99 59540 013000 0780 099 0099 +9999999999 +99999       +1423   -327   22 999 9999 +999 9999 +999 00 00 L1C C7
G99 99 59540 014600 0780 099 0099 +9999999999 +99999       +1428  +1008   30 999 9999 +999 9999 +999 00 00 L1C DD
G99 99 59540 020200 0780 099 0099 +9999999999 +99999       +1436    -50   21 999 9999 +999 9999 +999 00 00 L1C B3
G99 99 59540 021800 0780 099 0099 +9999999999 +99999       +1439   -885   26 999 9999 +999 9999 +999 00 00 L1C E2
G99 99 59540 023400 0780 099 0099 +9999999999 +99999       +1426    +79   27 999 9999 +999 9999 +999 00 00 L1C C6
G99 99 59540 025000 0780 099 0099 +9999999999 +99999       +1409   -119   24 999 9999 +999 9999 +999 00 00 L1C CF
G99 99 59540 030600 0780 099 0099 +9999999999 +99999       +1415   -580   23 999 9999 +999 9999 +999 00 00 L1C CF
G99 99 59540 032200 0780 099 0099 +9999999999 +99999       +1406   -272   29 999 9999 +999 9999 +999 00 00 L1C D1
G99 99 59540 033800 0780 099 0099 +9999999999 +99999       +1407    -35   20 999 9999 +999 9999 +999 00 00 L1C BD
G99 99 59540 035400 0780 099 0099 +9999999999 +99999       +1396   +464   24 999 9999 +999 9999 +999 00 00 L1C DA
G99 99 59540 041000 0780 099 0099 +9999999999 +99999       +1373   -166   21 999 9999 +999 9999 +999 00 00 L1C CC
G99 99 59540 042600 0780 099 0099 +9999999999 +99999       +1386    +63   24 999 9999 +999 9999 +999 00 00 L1C C4
G99 99 59540 044200 0780 099 0099 +9999999999 +99999       +1407    +44   18 999 9999 +999 9999 +999 00 00 L1C BE
G99 99 59540 045800 0780 099 0099 +9999999999 +99999       +1399   -574   23 999 9999 +999 9999 +999 00 00 L1C E5
G99 99 59540 051400 0780 099 0099 +9999999999 +99999       +1404   -773   30 999 9999 +999 9999 +999 00 00 L1C D0
G99 99 59540 053000 0780 099 0099 +9999999999 +99999       +1397   +514   22 999 9999 +999 9999 +999 00 00 L1C D1
G99 99 59540 054600 0780 099 0099 +9999999999 +99999       +1413     -6   19 999 9999 +999 9999 +999 00 00 L1C B1
G99 99 59540 060200 0780 099 0099 +9999999999 +99999       +1414    +28   21 999 9999 +999 9999 +999 00 00 L1C B6
G99 99 59540 061800 0780 099 0099 +9999999999 +99999       +1430   -283   21 999 9999 +999 9999 +999 00 00 L1C D0
G99 99 59540 063400 0780 099 0099 +9999999999 +99999       +1432   -146   23 999 9999 +999 9999 +999 00 00 L1C D0
G99 99 59540 065000 0780 099 0099 +9999999999 +99999       +1413   -575   21 999 9999 +999 9999 +999 00 00 L1C D1
G99 99 59540 070600 0780 099 0099 +9999999999 +99999       +1405    +88   20 999 9999 +999 9999 +999 00 00 L1C C0
G99 99 59540 072200 0780 099 0099 +9999999999 +99999       +1399   -106   17 999 9999 +999 9999 +999 00 00 L1C D9
G99 99 59540 073800 0780 099 0099 +9999999999 +99999       +1414   -331   22 999 9999 +999 9999 +999 00 00 L1C D0
G99 99 59540 075400 0780 099 0099 +9999999999 +99999       +1396   +599   29 999 9999 +999 9999 +999 00 00 L1C EC
G99 99 59540 081000 0780 099 0099 +9999999999 +99999       +1418   +690   23 999 9999 +999 9999 +999 00 00 L1C D2
G99 99 59540 082600 0780 099 0099 +9999999999 +99999       +1428   +566   26 999 9999 +999 9999 +999 00 00 L1C DF
G99 99 59540 084200 0780 099 0099 +9999999999 +99999       +1447   +642   33 999 9999 +999 9999 +999 00 00 L1C D7
G99 99 59540 085800 0780 099 0099 +9999999999 +99999       +1423  -1146   33 999 9999 +999 9999 +999 00 00 L1C EA
G99 99 59540 091400 0780 099 0099 +9999999999 +99999       +1390   -562   26 999 9999 +999 9999 +999 00 00 L1C D9
G99 99 59540 093000 0780 099 0099 +9999999999 +99999       +1402   +244   30 999 9999 +999 9999 +999 00 00 L1C C7
G99 99 59540 094600 0780 099 0099 +9999999999 +99999       +1404   -235   25 999 9999 +999 9999 +999 00 00 L1C D6
G99 99 59540 100200 0780 099 0099 +9999999999 +99999       +1399   +153   28 999 9999 +999 9999 +999 00 00 L1C D3
G99 99 59540 103000 0780 099 0099 +9999999999 +99999       +1381   -704   19 999 9999 +999 9999 +999 00 00 L1C CF
G99 99 59540 104600 0780 099 0099 +9999999999 +99999       +1402   +664   28 999 9999 +999 9999 +999 00 00 L1C D3
G99 99 59540 110200 0780 099 0099 +9999999999 +99999       +1389   -896   31 999 9999 +999 9999 +999 00 00 L1C DD
G99 99 59540 111800 0780 099 0099 +9999999999 +99999       +1387    -55   26 999 9999 +999 9999 +999 00 00 L1C C9
G99 99 59540 113400 0780 099 0099 +9999999999 +99999       +1369   -246   24 999 9999 +999 9999 +999 00 00 L1C D7
G99 99 59540 115000 0780 099 0099 +9999999999 +99999       +1372     -3   21 999 9999 +999 9999 +999 00 00 L1C A3
G99 99 59540 120600 0780 099 0099 +9999999999 +99999       +1364   -804   27 999 9999 +999 9999 +999 00 00 L1C D5
G99 99 59540 122200 0780 099 0099 +9999999999 +99999       +1369   -145   22 999 9999 +999 9999 +999 00 00 L1C D1
G99 99 59540 123800 0780 099 0099 +9999999999 +99999       +1356    +61   25 999 9999 +999 9999 +999 00 00 L1C C2
G99 99 59540 125400 0780 099 0099 +9999999999 +99999       +1359   -141   24 999 9999 +999 9999 +999 00 00 L1C D3
G99 99 59540 131000 0780 099 0099 +9999999999 +99999       +1328   +501   19 999 9999 +999 9999 +999 00 00 L1C CA
G99 99 59540 132600 0780 099 0099 +9999999999 +99999       +1331    +21   22 999 9999 +999 9999 +999 00 00 L1C B2
G99 99 59540 134200 0780 099 0099 +9999999999 +99999       +1326   +373   22 999 9999 +999 9999 +999 00 00 L1C CE
G99 99 59540 135800 0780 099 0099 +9999999999 +99999       +1344    -39   28 999 9999 +999 9999 +999 00 00 L1C CC
G99 99 59540 143000 0780 099 0099 +9999999999 +99999       +1305   -916   27 999 9999 +999 9999 +999 00 00 L1C D3
G99 99 59540 144600 0780 099 0099 +9999999999 +99999       +1286   +309   28 999 9999 +999 9999 +999 00 00 L1C DD
G99 99 59540 150200 0780 099 0099 +9999999999 +99999       +1285    +56   28 999 9999 +999 9999 +999 00 00 L1C C4
G99 99 59540 151800 0780 099 0099 +9999999999 +99999       +1318  -1024   25 999 9999 +999 9999 +999 00 00 L1C E3
G99 99 59540 153400 0780 099 0099 +9999999999 +99999       +1283   -311   24 999 9999 +999 9999 +999 00 00 L1C CF
G99 99 59540 155000 0780 099 0099 +9999999999 +99999       +1275   -531   27 999 9999 +999 9999 +999 00 00 L1C D5
G99 99 59540 160600 0780 099 0099 +9999999999 +99999       +1249   +309   24 999 9999 +999 9999 +999 00 00 L1C D6
G99 99 59540 162200 0780 099 0099 +9999999999 +99999       +1261   -682   22 999 9999 +999 9999 +999 00 00 L1C D2
G99 99 59540 163800 0780 099 0099 +9999999999 +99999       +1252   +221   22 999 9999 +999 9999 +999 00 00 L1C CC
G99 99 59540 165400 0780 099 0099 +9999999999 +99999       +1264   +521   24 999 9999 +999 9999 +999 00 00 L1C D2
G99 99 59540 171000 0780 099 0099 +9999999999 +99999       +1257   -375   31 999 9999 +999 9999 +999 00 00 L1C D4
G99 99 59540 172600 0780 099 0099 +9999999999 +99999       +1281    -38   26 999 9999 +999 9999 +999 00 00 L1C C8
G99 99 59540 174200 0780 099 0099 +9999999999 +99999       +1296   +546   32 999 9999 +999 9999 +999 00 00 L1C DB
G99 99 59540 175800 0780 099 0099 +9999999999 +99999       +1308    +34   25 999 9999 +999 9999 +999 00 00 L1C C6
G99 99 59540 181400 0780 099 0099 +9999999999 +99999       +1313   +990   28 999 9999 +999 9999 +999 00 00 L1C D9
G99 99 59540 183000 0780 099 0099 +9999999999 +99999       +1313  -1536   38 999 9999 +999 9999 +999 00 00 L1C E7
G99 99 59540 184600 0780 099 0099 +9999999999 +99999       +1293   +117   22 999 9999 +999 9999 +999 00 00 L1C D6
G99 99 59540 190200 0780 099 0099 +9999999999 +99999       +1288   -142   21 999 9999 +999 9999 +999 00 00 L1C D2
G99 99 59540 191800 0780 099 0099 +9999999999 +99999       +1285   -137   27 999 9999 +999 9999 +999 00 00 L1C E0
G99 99 59540 193400 0780 099 0099 +9999999999 +99999       +1280   -831   24 999 9999 +999 9999 +999 00 00 L1C D7
G99 99 59540 195000 0780 099 0099 +9999999999 +99999       +1286   +211   19 999 9999 +999 9999 +999 00 00 L1C D5
G99 99 59540 200600 0780 099 0099 +9999999999 +99999       +1292   +521   23 999 9999 +999 9999 +999 00 00 L1C CA
G99 99 59540 202200 0780 099 0099 +9999999999 +99999       +1296   +261   24 999 9999 +999 9999 +999 00 00 L1C CE
G99 99 59540 203800 0780 099 0099 +9999999999 +99999       +1307   +383   27 999 9999 +999 9999 +999 00 00 L1C D6
G99 99 59540 205400 0780 099 0099 +9999999999 +99999       +1277  -1097   27 999 9999 +999 9999 +999 00 00 L1C EF
G99 99 59540 211000 0780 099 0099 +9999999999 +99999       +1270   +491   20 999 9999 +999 9999 +999 00 00 L1C C5
G99 99 59540 212600 0780 099 0099 +9999999999 +99999       +1298    -15   24 999 9999 +999 9999 +999 00 00 L1C C4
G99 99 59540 214200 0780 099 0099 +9999999999 +99999       +1305   -542   29 999 9999 +999 9999 +999 00 00 L1C D1
G99 99 59540 215800 0780 099 0099 +9999999999 +99999       +1290   +708   36 999 9999 +999 9999 +999 00 00 L1C DB
G99 99 59540 221400 0780 099 0099 +9999999999 +99999       +1304   +294   27 999 9999 +999 9999 +999 00 00 L1C D0
G99 99 59540 223000 0780 099 0099 +9999999999 +99999       +1270    -63   27 999 9999 +999 9999 +999 00 00 L1C BC
G99 99 59540 224600 0780 099 0099 +9999999999 +99999       +1284    +32   26 999 9999 +999 9999 +999 00 00 L1C C1
G99 99 59540 230200 0780 099 0099 +9999999999 +99999       +1302   -350   25 999 9999 +999 9999 +999 00 00 L1C C5
G99 99 59540 231800 0780 099 0099 +9999999999 +99999       +1270   +564   30 999 9999 +999 9999 +999 00 00 L1C D1
G99 99 59540 233400 0780 099 0099 +9999999999 +99999       +1275   +911   30 999 9999 +999 9999 +999 00 00 L1C D0
G99 99 59540 235000 0780 099 0099 +9999999999 +99999       +1313   -315   31 999 9999 +999 9999 +999 00 00 L1C C8
