CGGTTS GENERIC DATA FORMAT VERSION = 2E
REV DATE = 2014-02-20
RCVR = GORGYTIMING SYREF25 18259999 2018 v00
CH = 12
IMS = 99999
LAB = SY82
X = +4314143.824 m
Y =  +452633.241 m
Z = +4660711.385 m
FRAME = ITRF
COMMENTS = NO COMMENTS
SYS DLY = 000.0 ns (GPS C1)     CAL_ID = NA
CAB DLY = 000.0 ns
REF DLY = 000.0 ns
REF = REF(SY82)
CKSUM = CE

SAT CL  MJD  STTIME TRKL ELV AZTH   REFSV      SRSV     REFSYS    SRSYS  DSG IOE MDTR SMDT MDIO SMDI FR HC FRC CK
             hhmmss s   .1dg .1dg    .1ns     .1ps/s     .1ns    .1ps/s .1ns     .1ns.1ps/s.1ns.1ps/s
G99 99 59553 000600 0780 099 0099 +9999999999 +99999       +1521   +125   16 999 9999 +999 9999 +999 00 00 L1C C9
G99 99 59553 002200 0780 099 0099 +9999999999 +99999       +1503    -41   15 999 9999 +999 9999 +999 00 00 L1C B5
G99 99 59553 003800 0780 099 0099 +9999999999 +99999       +1510   +152   21 999 9999 +999 9999 +999 00 00 L1C C8
G99 99 59553 005400 0780 099 0099 +9999999999 +99999       +1537  +1276   26 999 9999 +999 9999 +999 00 00 L1C EC
G99 99 59553 011000 0780 099 0099 +9999999999 +99999       +1544    +74   24 999 9999 +999 9999 +999 00 00 L1C BC
G99 99 59553 012600 0780 099 0099 +9999999999 +99999       +1542   -574   20 999 9999 +999 9999 +999 00 00 L1C D4
G99 99 59553 014200 0780 099 0099 +9999999999 +99999       +1527   -838   23 999 9999 +999 9999 +999 00 00 L1C DB
G99 99 59553 015800 0780 099 0099 +9999999999 +99999       +1506   -167   20 999 9999 +999 9999 +999 00 00 L1C D7
G99 99 59553 021400 0780 099 0099 +9999999999 +99999       +1516   -258   23 999 9999 +999 9999 +999 00 00 L1C D5
G99 99 59553 023000 0780 099 0099 +9999999999 +99999       +1518   -796   27 999 9999 +999 9999 +999 00 00 L1C E0
G99 99 59553 024600 0780 099 0099 +9999999999 +99999       +1523   -102   22 999 9999 +999 9999 +999 00 00 L1C CB
G99 99 59553 030200 0780 099 0099 +9999999999 +99999       +1503    +27   22 999 9999 +999 9999 +999 00 00 L1C B6
G99 99 59553 031800 0780 099 0099 +9999999999 +99999       +1477   +538   27 999 9999 +999 9999 +999 00 00 L1C E3
G99 99 59553 033400 0780 099 0099 +9999999999 +99999       +1499   -173   22 999 9999 +999 9999 +999 00 00 L1C DD
G99 99 59553 035000 0780 099 0099 +9999999999 +99999       +1510   +221   21 999 9999 +999 9999 +999 00 00 L1C C2
G99 99 59553 040600 0780 099 0099 +9999999999 +99999       +1498   -139   26 999 9999 +999 9999 +999 00 00 L1C E2
G99 99 59553 042200 0780 099 0099 +9999999999 +99999       +1503   -561   30 999 9999 +999 9999 +999 00 00 L1C CD
G99 99 59553 043800 0780 099 0099 +9999999999 +99999       +1498   +946   26 999 9999 +999 9999 +999 00 00 L1C EB
G99 99 59553 045400 0780 099 0099 +9999999999 +99999       +1511    +89   25 999 9999 +999 9999 +999 00 00 L1C C8
G99 99 59553 051000 0780 099 0099 +9999999999 +99999       +1531   -382   24 999 9999 +999 9999 +999 00 00 L1C D0
G99 99 59553 052600 0780 099 0099 +9999999999 +99999       +1536   -230   20 999 9999 +999 9999 +999 00 00 L1C D0
G99 99 59553 054200 0780 099 0099 +9999999999 +99999       +1539   -231   25 999 9999 +999 9999 +999 00 00 L1C D7
G99 99 59553 055800 0780 099 0099 +9999999999 +99999       +1516  -1108   28 999 9999 +999 9999 +999 00 00 L1C F0
G99 99 59553 061400 0780 099 0099 +9999999999 +99999       +1507    -45   19 999 9999 +999 9999 +999 00 00 L1C C8
G99 99 59553 063000 0780 099 0099 +9999999999 +99999       +1506   -295   20 999 9999 +999 9999 +999 00 00 L1C D4
G99 99 59553 064600 0780 099 0099 +9999999999 +99999       +1517   +105   27 999 9999 +999 9999 +999 00 00 L1C D8
G99 99 59553 070200 0780 099 0099 +9999999999 +99999       +1512  +1370   31 999 9999 +999 9999 +999 00 00 L1C DC
G99 99 59553 071800 0780 099 0099 +9999999999 +99999       +1540    -85   20 999 9999 +999 9999 +999 00 00 L1C C6
G99 99 59553 073400 0780 099 0099 +9999999999 +99999       +1555   +949   27 999 9999 +999 9999 +999 00 00 L1C E8
G99 99 59553 075000 0780 099 0099 +9999999999 +99999       +1584   +653   21 999 9999 +999 9999 +999 00 00 L1C DA
G99 99 59553 080600 0780 099 0099 +9999999999 +99999       +1563   -909   29 999 9999 +999 9999 +999 00 00 L1C E7
G99 99 59553 082200 0780 099 0099 +9999999999 +99999       +1534   -548   23 999 9999 +999 9999 +999 00 00 L1C DC
G99 99 59553 083800 0780 099 0099 +9999999999 +99999       +1545   +187   27 999 9999 +999 9999 +999 00 00 L1C E6
G99 99 59553 085400 0780 099 0099 +9999999999 +99999       +1544   -227   26 999 9999 +999 9999 +999 00 00 L1C DF
G99 99 59553 091000 0780 099 0099 +9999999999 +99999       +1523   +315   20 999 9999 +999 9999 +999 00 00 L1C CB
G99 99 59553 093800 0780 099 0099 +9999999999 +99999       +1523   -382   24 999 9999 +999 9999 +999 00 00 L1C DF
G99 99 59553 095400 0780 099 0099 +9999999999 +99999       +1533   +275   26 999 9999 +999 9999 +999 00 00 L1C DF
G99 99 59553 101000 0780 099 0099 +9999999999 +99999       +1503   -323   29 999 9999 +999 9999 +999 00 00 L1C CB
G99 99 59553 102600 0780 099 0099 +9999999999 +99999       +1516   +241   24 999 9999 +999 9999 +999 00 00 L1C CE
G99 99 59553 104200 0780 099 0099 +9999999999 +99999       +1502  -1112   29 999 9999 +999 9999 +999 00 00 L1C DC
G99 99 59553 105800 0780 099 0099 +9999999999 +99999       +1521   -246   25 999 9999 +999 9999 +999 00 00 L1C D7
G99 99 59553 111400 0780 099 0099 +9999999999 +99999       +1501   -429   27 999 9999 +999 9999 +999 00 00 L1C D3
G99 99 59553 113000 0780 099 0099 +9999999999 +99999       +1499   -586   24 999 9999 +999 9999 +999 00 00 L1C E2
G99 99 59553 114600 0780 099 0099 +9999999999 +99999       +1499    +17   24 999 9999 +999 9999 +999 00 00 L1C CC
G99 99 59553 120200 0780 099 0099 +9999999999 +99999       +1493   -618   23 999 9999 +999 9999 +999 00 00 L1C D7
G99 99 59553 121800 0780 099 0099 +9999999999 +99999       +1463   +583   18 999 9999 +999 9999 +999 00 00 L1C DE
G99 99 59553 123400 0780 099 0099 +9999999999 +99999       +1454   +141   19 999 9999 +999 9999 +999 00 00 L1C D3
G99 99 59553 125000 0780 099 0099 +9999999999 +99999       +1457   +119   21 999 9999 +999 9999 +999 00 00 L1C D2
G99 99 59553 130600 0780 099 0099 +9999999999 +99999       +1455   -629   25 999 9999 +999 9999 +999 00 00 L1C DE
G99 99 59553 133800 0780 099 0099 +9999999999 +99999       +1413  -1150   28 999 9999 +999 9999 +999 00 00 L1C E6
G99 99 59553 135400 0780 099 0099 +9999999999 +99999       +1405   -256   25 999 9999 +999 9999 +999 00 00 L1C D8
G99 99 59553 141000 0780 099 0099 +9999999999 +99999       +1417   +253   26 999 9999 +999 9999 +999 00 00 L1C D0
G99 99 59553 142600 0780 099 0099 +9999999999 +99999       +1454   -443   26 999 9999 +999 9999 +999 00 00 L1C DB
G99 99 59553 144200 0780 099 0099 +9999999999 +99999       +1409   -773   32 999 9999 +999 9999 +999 00 00 L1C DC
G99 99 59553 145800 0780 099 0099 +9999999999 +99999       +1398   -228   25 999 9999 +999 9999 +999 00 00 L1C E7
G99 99 59553 151400 0780 099 0099 +9999999999 +99999       +1382   +808   26 999 9999 +999 9999 +999 00 00 L1C DC
G99 99 59553 153000 0780 099 0099 +9999999999 +99999       +1398   -292   22 999 9999 +999 9999 +999 00 00 L1C DC
G99 99 59553 154600 0780 099 0099 +9999999999 +99999       +1390    -25   26 999 9999 +999 9999 +999 00 00 L1C C9
G99 99 59553 160200 0780 099 0099 +9999999999 +99999       +1421   +410   22 999 9999 +999 9999 +999 00 00 L1C C5
G99 99 59553 161800 0780 099 0099 +9999999999 +99999       +1411   -348   39 999 9999 +999 9999 +999 00 00 L1C DF
G99 99 59553 163400 0780 099 0099 +9999999999 +99999       +1433   +817   23 999 9999 +999 9999 +999 00 00 L1C D9
G99 99 59553 165000 0780 099 0099 +9999999999 +99999       +1467   +243   37 999 9999 +999 9999 +999 00 00 L1C DC
G99 99 59553 170600 0780 099 0099 +9999999999 +99999       +1480   -836   32 999 9999 +999 9999 +999 00 00 L1C DE
G99 99 59553 172200 0780 099 0099 +9999999999 +99999       +1480   +833   27 999 9999 +999 9999 +999 00 00 L1C DB
G99 99 59553 173800 0780 099 0099 +9999999999 +99999       +1498  -1168   33 999 9999 +999 9999 +999 00 00 L1C FC
G99 99 59553 175400 0780 099 0099 +9999999999 +99999       +1492   +555   23 999 9999 +999 9999 +999 00 00 L1C E0
G99 99 59553 181000 0780 099 0099 +9999999999 +99999       +1494    +70   23 999 9999 +999 9999 +999 00 00 L1C C3
G99 99 59553 182600 0780 099 0099 +9999999999 +99999       +1504   +406   27 999 9999 +999 9999 +999 00 00 L1C D9
G99 99 59553 184200 0780 099 0099 +9999999999 +99999       +1520   +366   23 999 9999 +999 9999 +999 00 00 L1C D6
G99 99 59553 185800 0780 099 0099 +9999999999 +99999       +1512    -94   25 999 9999 +999 9999 +999 00 00 L1C D0
G99 99 59553 191400 0780 099 0099 +9999999999 +99999       +1509   +882   26 999 9999 +999 9999 +999 00 00 L1C E3
G99 99 59553 193000 0780 099 0099 +9999999999 +99999       +1510   +287   25 999 9999 +999 9999 +999 00 00 L1C D7
G99 99 59553 194600 0780 099 0099 +9999999999 +99999       +1527   +360   26 999 9999 +999 9999 +999 00 00 L1C DF
G99 99 59553 200200 0780 099 0099 +9999999999 +99999       +1517  -1045   29 999 9999 +999 9999 +999 00 00 L1C E4
G99 99 59553 201800 0780 099 0099 +9999999999 +99999       +1500   +723   28 999 9999 +999 9999 +999 00 00 L1C D2
G99 99 59553 203400 0780 099 0099 +9999999999 +99999       +1530   +419   30 999 9999 +999 9999 +999 00 00 L1C CE
G99 99 59553 205000 0780 099 0099 +9999999999 +99999       +1529   -588   30 999 9999 +999 9999 +999 00 00 L1C DD
G99 99 59553 210600 0780 099 0099 +9999999999 +99999       +1525   -390   28 999 9999 +999 9999 +999 00 00 L1C D9
G99 99 59553 212200 0780 099 0099 +9999999999 +99999       +1529   -324   31 999 9999 +999 9999 +999 00 00 L1C D2
G99 99 59553 213800 0780 099 0099 +9999999999 +99999       +1509   -204   25 999 9999 +999 9999 +999 00 00 L1C D7
G99 99 59553 215400 0780 099 0099 +9999999999 +99999       +1511   -625   28 999 9999 +999 9999 +999 00 00 L1C D8
G99 99 59553 221000 0780 099 0099 +9999999999 +99999       +1511    -43   29 999 9999 +999 9999 +999 00 00 L1C BC
G99 99 59553 222600 0780 099 0099 +9999999999 +99999       +1488   -434   24 999 9999 +999 9999 +999 00 00 L1C DF
G99 99 59553 224200 0780 099 0099 +9999999999 +99999       +1495   +576   24 999 9999 +999 9999 +999 00 00 L1C E0
G99 99 59553 225800 0780 099 0099 +9999999999 +99999       +1519   -668   28 999 9999 +999 9999 +999 00 00 L1C EC
G99 99 59553 231400 0780 099 0099 +9999999999 +99999       +1510   -594   31 999 9999 +999 9999 +999 00 00 L1C D4
G99 99 59553 233000 0780 099 0099 +9999999999 +99999       +1511    -17   24 999 9999 +999 9999 +999 00 00 L1C BB
G99 99 59553 234600 0780 099 0099 +9999999999 +99999       +1504   -107   23 999 9999 +999 9999 +999 00 00 L1C D3
