CGGTTS GENERIC DATA FORMAT VERSION = 2E
REV DATE = 2014-02-20
RCVR = GORGYTIMING SYREF25 18259999 2018 v00
CH = 12
IMS = 99999
LAB = SY82
X = +4314143.824 m
Y =  +452633.241 m
Z = +4660711.385 m
FRAME = ITRF
COMMENTS = NO COMMENTS
SYS DLY = 000.0 ns (GPS C1)     CAL_ID = NA
CAB DLY = 000.0 ns
REF DLY = 000.0 ns
REF = REF(SY82)
CKSUM = CE

SAT CL  MJD  STTIME TRKL ELV AZTH   REFSV      SRSV     REFSYS    SRSYS  DSG IOE MDTR SMDT MDIO SMDI FR HC FRC CK
             hhmmss s   .1dg .1dg    .1ns     .1ps/s     .1ns    .1ps/s .1ns     .1ns.1ps/s.1ns.1ps/s
G99 99 59559 001400 0780 099 0099 +9999999999 +99999       +1525   +148   24 999 9999 +999 9999 +999 00 00 L1C D6
G99 99 59559 003000 0780 099 0099 +9999999999 +99999       +1559  +1459   31 999 9999 +999 9999 +999 00 00 L1C EF
G99 99 59559 004600 0780 099 0099 +9999999999 +99999       +1565   -387   29 999 9999 +999 9999 +999 00 00 L1C EB
G99 99 59559 010200 0780 099 0099 +9999999999 +99999       +1556   -709   21 999 9999 +999 9999 +999 00 00 L1C DA
G99 99 59559 011800 0780 099 0099 +9999999999 +99999       +1548   -356   24 999 9999 +999 9999 +999 00 00 L1C E3
G99 99 59559 013400 0780 099 0099 +9999999999 +99999       +1525   -334   22 999 9999 +999 9999 +999 00 00 L1C D6
G99 99 59559 015000 0780 099 0099 +9999999999 +99999       +1526   -506   21 999 9999 +999 9999 +999 00 00 L1C D5
G99 99 59559 020600 0780 099 0099 +9999999999 +99999       +1554    -95   25 999 9999 +999 9999 +999 00 00 L1C CF
G99 99 59559 022200 0780 099 0099 +9999999999 +99999       +1547   -261   20 999 9999 +999 9999 +999 00 00 L1C D5
G99 99 59559 023800 0780 099 0099 +9999999999 +99999       +1532    +56   21 999 9999 +999 9999 +999 00 00 L1C C7
G99 99 59559 025400 0780 099 0099 +9999999999 +99999       +1507    +12   25 999 9999 +999 9999 +999 00 00 L1C C3
G99 99 59559 031000 0780 099 0099 +9999999999 +99999       +1532   -147   19 999 9999 +999 9999 +999 00 00 L1C D8
G99 99 59559 032600 0780 099 0099 +9999999999 +99999       +1541   +137   22 999 9999 +999 9999 +999 00 00 L1C D6
G99 99 59559 034200 0780 099 0099 +9999999999 +99999       +1532   -127   20 999 9999 +999 9999 +999 00 00 L1C D3
G99 99 59559 035800 0780 099 0099 +9999999999 +99999       +1534   -257   27 999 9999 +999 9999 +999 00 00 L1C E7
G99 99 59559 041400 0780 099 0099 +9999999999 +99999       +1524    +87   23 999 9999 +999 9999 +999 00 00 L1C CA
G99 99 59559 043000 0780 099 0099 +9999999999 +99999       +1530   +244   19 999 9999 +999 9999 +999 00 00 L1C D5
G99 99 59559 044600 0780 099 0099 +9999999999 +99999       +1552   -232   29 999 9999 +999 9999 +999 00 00 L1C E0
G99 99 59559 050200 0780 099 0099 +9999999999 +99999       +1543   +188   26 999 9999 +999 9999 +999 00 00 L1C DE
G99 99 59559 051800 0780 099 0099 +9999999999 +99999       +1547   +259   20 999 9999 +999 9999 +999 00 00 L1C E2
G99 99 59559 053400 0780 099 0099 +9999999999 +99999       +1532   -395   23 999 9999 +999 9999 +999 00 00 L1C E0
G99 99 59559 055000 0780 099 0099 +9999999999 +99999       +1512   -286   23 999 9999 +999 9999 +999 00 00 L1C DB
G99 99 59559 060600 0780 099 0099 +9999999999 +99999       +1520   +382   23 999 9999 +999 9999 +999 00 00 L1C D7
G99 99 59559 062200 0780 099 0099 +9999999999 +99999       +1538   +236   23 999 9999 +999 9999 +999 00 00 L1C DC
G99 99 59559 063800 0780 099 0099 +9999999999 +99999       +1523   +710   27 999 9999 +999 9999 +999 00 00 L1C DE
G99 99 59559 065400 0780 099 0099 +9999999999 +99999       +1533   -105   23 999 9999 +999 9999 +999 00 00 L1C D9
G99 99 59559 071000 0780 099 0099 +9999999999 +99999       +1553   +478   25 999 9999 +999 9999 +999 00 00 L1C E1
G99 99 59559 072600 0780 099 0099 +9999999999 +99999       +1585   +665   30 999 9999 +999 9999 +999 00 00 L1C E7
G99 99 59559 074200 0780 099 0099 +9999999999 +99999       +1555   -172   25 999 9999 +999 9999 +999 00 00 L1C E1
G99 99 59559 075800 0780 099 0099 +9999999999 +99999       +1561   -481   29 999 9999 +999 9999 +999 00 00 L1C EC
G99 99 59559 081400 0780 099 0099 +9999999999 +99999       +1563   -311   27 999 9999 +999 9999 +999 00 00 L1C DD
G99 99 59559 083000 0780 099 0099 +9999999999 +99999       +1568   -638   33 999 9999 +999 9999 +999 00 00 L1C E9
G99 99 59559 084600 0780 099 0099 +9999999999 +99999       +1553   +594   24 999 9999 +999 9999 +999 00 00 L1C E9
G99 99 59559 091400 0780 099 0099 +9999999999 +99999       +1559   -309   26 999 9999 +999 9999 +999 00 00 L1C E9
G99 99 59559 093000 0780 099 0099 +9999999999 +99999       +1577   +580   25 999 9999 +999 9999 +999 00 00 L1C E5
G99 99 59559 094600 0780 099 0099 +9999999999 +99999       +1558  +1125   28 999 9999 +999 9999 +999 00 00 L1C FA
G99 99 59559 100200 0780 099 0099 +9999999999 +99999       +1565   -335   37 999 9999 +999 9999 +999 00 00 L1C DC
G99 99 59559 101800 0780 099 0099 +9999999999 +99999       +1564    -55   23 999 9999 +999 9999 +999 00 00 L1C CC
G99 99 59559 103400 0780 099 0099 +9999999999 +99999       +1582   -247   28 999 9999 +999 9999 +999 00 00 L1C E2
G99 99 59559 105000 0780 099 0099 +9999999999 +99999       +1578   -324   30 999 9999 +999 9999 +999 00 00 L1C DA
G99 99 59559 110600 0780 099 0099 +9999999999 +99999       +1583   -214   23 999 9999 +999 9999 +999 00 00 L1C D8
G99 99 59559 112200 0780 099 0099 +9999999999 +99999       +1581   -582   27 999 9999 +999 9999 +999 00 00 L1C E0
G99 99 59559 113800 0780 099 0099 +9999999999 +99999       +1587   -315   27 999 9999 +999 9999 +999 00 00 L1C E7
G99 99 59559 115400 0780 099 0099 +9999999999 +99999       +1559   -189   25 999 9999 +999 9999 +999 00 00 L1C EB
G99 99 59559 121000 0780 099 0099 +9999999999 +99999       +1554   -517   22 999 9999 +999 9999 +999 00 00 L1C D7
G99 99 59559 122600 0780 099 0099 +9999999999 +99999       +1557    +46   23 999 9999 +999 9999 +999 00 00 L1C CD
G99 99 59559 124200 0780 099 0099 +9999999999 +99999       +1559   +304   22 999 9999 +999 9999 +999 00 00 L1C D9
G99 99 59559 131400 0780 099 0099 +9999999999 +99999       +1519  -1031   28 999 9999 +999 9999 +999 00 00 L1C EB
G99 99 59559 133000 0780 099 0099 +9999999999 +99999       +1495   -178   31 999 9999 +999 9999 +999 00 00 L1C E1
G99 99 59559 134600 0780 099 0099 +9999999999 +99999       +1529   -398   31 999 9999 +999 9999 +999 00 00 L1C EA
G99 99 59559 140200 0780 099 0099 +9999999999 +99999       +1541   -445   27 999 9999 +999 9999 +999 00 00 L1C DB
G99 99 59559 141800 0780 099 0099 +9999999999 +99999       +1513   -769   29 999 9999 +999 9999 +999 00 00 L1C EC
G99 99 59559 143400 0780 099 0099 +9999999999 +99999       +1505   -288   25 999 9999 +999 9999 +999 00 00 L1C E3
G99 99 59559 145000 0780 099 0099 +9999999999 +99999       +1486   +513   25 999 9999 +999 9999 +999 00 00 L1C DE
G99 99 59559 150600 0780 099 0099 +9999999999 +99999       +1498  -1021   28 999 9999 +999 9999 +999 00 00 L1C F3
G99 99 59559 152200 0780 099 0099 +9999999999 +99999       +1490    +56   28 999 9999 +999 9999 +999 00 00 L1C CE
G99 99 59559 153800 0780 099 0099 +9999999999 +99999       +1502   +311   21 999 9999 +999 9999 +999 00 00 L1C D2
G99 99 59559 155400 0780 099 0099 +9999999999 +99999       +1485    -88   27 999 9999 +999 9999 +999 00 00 L1C DD
G99 99 59559 161000 0780 099 0099 +9999999999 +99999       +1510   +692   25 999 9999 +999 9999 +999 00 00 L1C D8
G99 99 59559 162600 0780 099 0099 +9999999999 +99999       +1519    +47   33 999 9999 +999 9999 +999 00 00 L1C D1
G99 99 59559 164200 0780 099 0099 +9999999999 +99999       +1533   -321   26 999 9999 +999 9999 +999 00 00 L1C DA
G99 99 59559 165800 0780 099 0099 +9999999999 +99999       +1521   +111   27 999 9999 +999 9999 +999 00 00 L1C DA
G99 99 59559 171400 0780 099 0099 +9999999999 +99999       +1533  -1409   31 999 9999 +999 9999 +999 00 00 L1C EE
G99 99 59559 173000 0780 099 0099 +9999999999 +99999       +1519   +141   27 999 9999 +999 9999 +999 00 00 L1C DB
G99 99 59559 174600 0780 099 0099 +9999999999 +99999       +1509   -285   19 999 9999 +999 9999 +999 00 00 L1C ED
G99 99 59559 180200 0780 099 0099 +9999999999 +99999       +1511   +922   31 999 9999 +999 9999 +999 00 00 L1C D5
G99 99 59559 181800 0780 099 0099 +9999999999 +99999       +1528   +293   27 999 9999 +999 9999 +999 00 00 L1C EA
G99 99 59559 183400 0780 099 0099 +9999999999 +99999       +1532   -136   21 999 9999 +999 9999 +999 00 00 L1C DB
G99 99 59559 185000 0780 099 0099 +9999999999 +99999       +1527   +552   21 999 9999 +999 9999 +999 00 00 L1C DD
G99 99 59559 190600 0780 099 0099 +9999999999 +99999       +1538   +266   23 999 9999 +999 9999 +999 00 00 L1C E5
G99 99 59559 192200 0780 099 0099 +9999999999 +99999       +1537  +1170   29 999 9999 +999 9999 +999 00 00 L1C F3
G99 99 59559 193800 0780 099 0099 +9999999999 +99999       +1534   -749   32 999 9999 +999 9999 +999 00 00 L1C EE
G99 99 59559 195400 0780 099 0099 +9999999999 +99999       +1510   +846   28 999 9999 +999 9999 +999 00 00 L1C E7
G99 99 59559 201000 0780 099 0099 +9999999999 +99999       +1553   +278   22 999 9999 +999 9999 +999 00 00 L1C D7
G99 99 59559 202600 0780 099 0099 +9999999999 +99999       +1544   -234   34 999 9999 +999 9999 +999 00 00 L1C DB
G99 99 59559 204200 0780 099 0099 +9999999999 +99999       +1548   -133   26 999 9999 +999 9999 +999 00 00 L1C DC
G99 99 59559 205800 0780 099 0099 +9999999999 +99999       +1543    -41   25 999 9999 +999 9999 +999 00 00 L1C CB
G99 99 59559 211400 0780 099 0099 +9999999999 +99999       +1523   -153   23 999 9999 +999 9999 +999 00 00 L1C D4
G99 99 59559 213000 0780 099 0099 +9999999999 +99999       +1533   -867   33 999 9999 +999 9999 +999 00 00 L1C E0
G99 99 59559 214600 0780 099 0099 +9999999999 +99999       +1525   -438   32 999 9999 +999 9999 +999 00 00 L1C E1
G99 99 59559 220200 0780 099 0099 +9999999999 +99999       +1516     -9   26 999 9999 +999 9999 +999 00 00 L1C B7
G99 99 59559 221800 0780 099 0099 +9999999999 +99999       +1528   +328   27 999 9999 +999 9999 +999 00 00 L1C E4
G99 99 59559 223400 0780 099 0099 +9999999999 +99999       +1547   -565   29 999 9999 +999 9999 +999 00 00 L1C EA
G99 99 59559 225000 0780 099 0099 +9999999999 +99999       +1540   -299   25 999 9999 +999 9999 +999 00 00 L1C E1
G99 99 59559 230600 0780 099 0099 +9999999999 +99999       +1535   -133   23 999 9999 +999 9999 +999 00 00 L1C D8
G99 99 59559 232200 0780 099 0099 +9999999999 +99999       +1532    +51   23 999 9999 +999 9999 +999 00 00 L1C C0
G99 99 59559 233800 0780 099 0099 +9999999999 +99999       +1534   -279   20 999 9999 +999 9999 +999 00 00 L1C E4
G99 99 59559 235400 0780 099 0099 +9999999999 +99999       +1526   +201   23 999 9999 +999 9999 +999 00 00 L1C D5
