CGGTTS GENERIC DATA FORMAT VERSION = 2E
REV DATE = 2014-02-20
RCVR = GORGYTIMING SYREF25 18259999 2018 v00
CH = 12
IMS = 99999
LAB = SY82
X = +4314143.824 m
Y =  +452633.241 m
Z = +4660711.385 m
FRAME = ITRF
COMMENTS = NO COMMENTS
SYS DLY = 000.0 ns (GPS C1)     CAL_ID = NA
CAB DLY = 000.0 ns
REF DLY = 000.0 ns
REF = REF(SY82)
CKSUM = CE

SAT CL  MJD  STTIME TRKL ELV AZTH   REFSV      SRSV     REFSYS    SRSYS  DSG IOE MDTR SMDT MDIO SMDI FR HC FRC CK
             hhmmss s   .1dg .1dg    .1ns     .1ps/s     .1ns    .1ps/s .1ns     .1ns.1ps/s.1ns.1ps/s
G99 99 59556 001000 0780 099 0099 +9999999999 +99999       +1521   +288   16 999 9999 +999 9999 +999 00 00 L1C D1
G99 99 59556 002600 0780 099 0099 +9999999999 +99999       +1532   +362   22 999 9999 +999 9999 +999 00 00 L1C D0
G99 99 59556 004200 0780 099 0099 +9999999999 +99999       +1551  +1361   34 999 9999 +999 9999 +999 00 00 L1C E2
G99 99 59556 005800 0780 099 0099 +9999999999 +99999       +1544   -216   25 999 9999 +999 9999 +999 00 00 L1C DB
G99 99 59556 011400 0780 099 0099 +9999999999 +99999       +1545   -325   24 999 9999 +999 9999 +999 00 00 L1C D5
G99 99 59556 013000 0780 099 0099 +9999999999 +99999       +1531   -480   23 999 9999 +999 9999 +999 00 00 L1C CF
G99 99 59556 014600 0780 099 0099 +9999999999 +99999       +1519     -8   19 999 9999 +999 9999 +999 00 00 L1C BD
G99 99 59556 020200 0780 099 0099 +9999999999 +99999       +1533   -855   27 999 9999 +999 9999 +999 00 00 L1C DB
G99 99 59556 021800 0780 099 0099 +9999999999 +99999       +1531   -671   24 999 9999 +999 9999 +999 00 00 L1C D9
G99 99 59556 023400 0780 099 0099 +9999999999 +99999       +1539   -354   25 999 9999 +999 9999 +999 00 00 L1C DE
G99 99 59556 025000 0780 099 0099 +9999999999 +99999       +1527   +122   20 999 9999 +999 9999 +999 00 00 L1C CB
G99 99 59556 030600 0780 099 0099 +9999999999 +99999       +1506    +66   23 999 9999 +999 9999 +999 00 00 L1C C4
G99 99 59556 032200 0780 099 0099 +9999999999 +99999       +1499   -553   23 999 9999 +999 9999 +999 00 00 L1C E0
G99 99 59556 033800 0780 099 0099 +9999999999 +99999       +1522    +78   24 999 9999 +999 9999 +999 00 00 L1C CB
G99 99 59556 035400 0780 099 0099 +9999999999 +99999       +1513   +334   26 999 9999 +999 9999 +999 00 00 L1C D6
G99 99 59556 041000 0780 099 0099 +9999999999 +99999       +1514  -1048   32 999 9999 +999 9999 +999 00 00 L1C E2
G99 99 59556 042600 0780 099 0099 +9999999999 +99999       +1512   +462   24 999 9999 +999 9999 +999 00 00 L1C D5
G99 99 59556 044200 0780 099 0099 +9999999999 +99999       +1517   +482   20 999 9999 +999 9999 +999 00 00 L1C D6
G99 99 59556 045800 0780 099 0099 +9999999999 +99999       +1554    -86   25 999 9999 +999 9999 +999 00 00 L1C D5
G99 99 59556 051400 0780 099 0099 +9999999999 +99999       +1543    +46   22 999 9999 +999 9999 +999 00 00 L1C C3
G99 99 59556 053000 0780 099 0099 +9999999999 +99999       +1550   -650   22 999 9999 +999 9999 +999 00 00 L1C D2
G99 99 59556 054600 0780 099 0099 +9999999999 +99999       +1533   -704   22 999 9999 +999 9999 +999 00 00 L1C DA
G99 99 59556 060200 0780 099 0099 +9999999999 +99999       +1535   -351   23 999 9999 +999 9999 +999 00 00 L1C D4
G99 99 59556 061800 0780 099 0099 +9999999999 +99999       +1534   +362   24 999 9999 +999 9999 +999 00 00 L1C DB
G99 99 59556 063400 0780 099 0099 +9999999999 +99999       +1545    +14   21 999 9999 +999 9999 +999 00 00 L1C C2
G99 99 59556 065000 0780 099 0099 +9999999999 +99999       +1532   +900   26 999 9999 +999 9999 +999 00 00 L1C D5
G99 99 59556 070600 0780 099 0099 +9999999999 +99999       +1553   +318   25 999 9999 +999 9999 +999 00 00 L1C DC
G99 99 59556 072200 0780 099 0099 +9999999999 +99999       +1562   -169   27 999 9999 +999 9999 +999 00 00 L1C E2
G99 99 59556 073800 0780 099 0099 +9999999999 +99999       +1588    +50   37 999 9999 +999 9999 +999 00 00 L1C D5
G99 99 59556 075400 0780 099 0099 +9999999999 +99999       +1567  -1111   32 999 9999 +999 9999 +999 00 00 L1C EC
G99 99 59556 081000 0780 099 0099 +9999999999 +99999       +1547   -429   27 999 9999 +999 9999 +999 00 00 L1C E2
G99 99 59556 082600 0780 099 0099 +9999999999 +99999       +1562    -38   32 999 9999 +999 9999 +999 00 00 L1C CE
G99 99 59556 084200 0780 099 0099 +9999999999 +99999       +1570   -380   27 999 9999 +999 9999 +999 00 00 L1C DF
G99 99 59556 085800 0780 099 0099 +9999999999 +99999       +1555   +137   26 999 9999 +999 9999 +999 00 00 L1C E6
G99 99 59556 092600 0780 099 0099 +9999999999 +99999       +1551    -42   27 999 9999 +999 9999 +999 00 00 L1C CC
G99 99 59556 094200 0780 099 0099 +9999999999 +99999       +1574    -25   23 999 9999 +999 9999 +999 00 00 L1C CC
G99 99 59556 095800 0780 099 0099 +9999999999 +99999       +1555    +15   38 999 9999 +999 9999 +999 00 00 L1C D5
G99 99 59556 101400 0780 099 0099 +9999999999 +99999       +1563   +198   27 999 9999 +999 9999 +999 00 00 L1C DE
G99 99 59556 103000 0780 099 0099 +9999999999 +99999       +1551   -608   23 999 9999 +999 9999 +999 00 00 L1C D3
G99 99 59556 104600 0780 099 0099 +9999999999 +99999       +1558  -1234   35 999 9999 +999 9999 +999 00 00 L1C F0
G99 99 59556 110200 0780 099 0099 +9999999999 +99999       +1556   -414   27 999 9999 +999 9999 +999 00 00 L1C D7
G99 99 59556 111800 0780 099 0099 +9999999999 +99999       +1556   -334   26 999 9999 +999 9999 +999 00 00 L1C DE
G99 99 59556 113400 0780 099 0099 +9999999999 +99999       +1563   -277   25 999 9999 +999 9999 +999 00 00 L1C DF
G99 99 59556 115000 0780 099 0099 +9999999999 +99999       +1558   -194   29 999 9999 +999 9999 +999 00 00 L1C E3
G99 99 59556 120600 0780 099 0099 +9999999999 +99999       +1536   +322   25 999 9999 +999 9999 +999 00 00 L1C D4
G99 99 59556 122200 0780 099 0099 +9999999999 +99999       +1526   -233   25 999 9999 +999 9999 +999 00 00 L1C D4
G99 99 59556 123800 0780 099 0099 +9999999999 +99999       +1547   +573   29 999 9999 +999 9999 +999 00 00 L1C E7
G99 99 59556 125400 0780 099 0099 +9999999999 +99999       +1563   -191   27 999 9999 +999 9999 +999 00 00 L1C DF
G99 99 59556 132600 0780 099 0099 +9999999999 +99999       +1521  -1676   37 999 9999 +999 9999 +999 00 00 L1C F3
G99 99 59556 134200 0780 099 0099 +9999999999 +99999       +1512   -162   22 999 9999 +999 9999 +999 00 00 L1C D0
G99 99 59556 135800 0780 099 0099 +9999999999 +99999       +1519   +384   27 999 9999 +999 9999 +999 00 00 L1C E7
G99 99 59556 141400 0780 099 0099 +9999999999 +99999       +1540   -763   25 999 9999 +999 9999 +999 00 00 L1C DB
G99 99 59556 143000 0780 099 0099 +9999999999 +99999       +1502   -500   27 999 9999 +999 9999 +999 00 00 L1C CE
G99 99 59556 144600 0780 099 0099 +9999999999 +99999       +1498    -14   20 999 9999 +999 9999 +999 00 00 L1C CC
G99 99 59556 150200 0780 099 0099 +9999999999 +99999       +1492   +364   26 999 9999 +999 9999 +999 00 00 L1C DB
G99 99 59556 151800 0780 099 0099 +9999999999 +99999       +1504   -934   26 999 9999 +999 9999 +999 00 00 L1C E1
G99 99 59556 153400 0780 099 0099 +9999999999 +99999       +1490    -64   24 999 9999 +999 9999 +999 00 00 L1C CB
G99 99 59556 155000 0780 099 0099 +9999999999 +99999       +1508   +343   23 999 9999 +999 9999 +999 00 00 L1C D6
G99 99 59556 160600 0780 099 0099 +9999999999 +99999       +1494    -60   27 999 9999 +999 9999 +999 00 00 L1C CE
G99 99 59556 162200 0780 099 0099 +9999999999 +99999       +1518   +102   27 999 9999 +999 9999 +999 00 00 L1C D4
G99 99 59556 163800 0780 099 0099 +9999999999 +99999       +1525   -284   34 999 9999 +999 9999 +999 00 00 L1C E4
G99 99 59556 165400 0780 099 0099 +9999999999 +99999       +1532   -536   31 999 9999 +999 9999 +999 00 00 L1C DD
G99 99 59556 171000 0780 099 0099 +9999999999 +99999       +1532   -119   28 999 9999 +999 9999 +999 00 00 L1C D9
G99 99 59556 172600 0780 099 0099 +9999999999 +99999       +1535  -1681   36 999 9999 +999 9999 +999 00 00 L1C F7
G99 99 59556 174200 0780 099 0099 +9999999999 +99999       +1516   +657   23 999 9999 +999 9999 +999 00 00 L1C E0
G99 99 59556 175800 0780 099 0099 +9999999999 +99999       +1517   -177   19 999 9999 +999 9999 +999 00 00 L1C EC
G99 99 59556 181400 0780 099 0099 +9999999999 +99999       +1530   -142   23 999 9999 +999 9999 +999 00 00 L1C D3
G99 99 59556 183000 0780 099 0099 +9999999999 +99999       +1543     +6   21 999 9999 +999 9999 +999 00 00 L1C B0
G99 99 59556 184600 0780 099 0099 +9999999999 +99999       +1536    -47   25 999 9999 +999 9999 +999 00 00 L1C D4
G99 99 59556 190200 0780 099 0099 +9999999999 +99999       +1541   +773   28 999 9999 +999 9999 +999 00 00 L1C E0
G99 99 59556 191800 0780 099 0099 +9999999999 +99999       +1543   +404   20 999 9999 +999 9999 +999 00 00 L1C D8
G99 99 59556 193400 0780 099 0099 +9999999999 +99999       +1560   +774   25 999 9999 +999 9999 +999 00 00 L1C E4
G99 99 59556 195000 0780 099 0099 +9999999999 +99999       +1544   -553   30 999 9999 +999 9999 +999 00 00 L1C DD
G99 99 59556 200600 0780 099 0099 +9999999999 +99999       +1533   +879   27 999 9999 +999 9999 +999 00 00 L1C E3
G99 99 59556 202200 0780 099 0099 +9999999999 +99999       +1566   +164   24 999 9999 +999 9999 +999 00 00 L1C D7
G99 99 59556 203800 0780 099 0099 +9999999999 +99999       +1566   -177   29 999 9999 +999 9999 +999 00 00 L1C E9
G99 99 59556 205400 0780 099 0099 +9999999999 +99999       +1567   -604   31 999 9999 +999 9999 +999 00 00 L1C DC
G99 99 59556 211000 0780 099 0099 +9999999999 +99999       +1562   +360   27 999 9999 +999 9999 +999 00 00 L1C D2
G99 99 59556 212600 0780 099 0099 +9999999999 +99999       +1524    +28   37 999 9999 +999 9999 +999 00 00 L1C C9
G99 99 59556 214200 0780 099 0099 +9999999999 +99999       +1545   -533   32 999 9999 +999 9999 +999 00 00 L1C D8
G99 99 59556 215800 0780 099 0099 +9999999999 +99999       +1540   -702   31 999 9999 +999 9999 +999 00 00 L1C D7
G99 99 59556 221400 0780 099 0099 +9999999999 +99999       +1527   -385   26 999 9999 +999 9999 +999 00 00 L1C E0
G99 99 59556 223000 0780 099 0099 +9999999999 +99999       +1538   +844   28 999 9999 +999 9999 +999 00 00 L1C E0
G99 99 59556 224600 0780 099 0099 +9999999999 +99999       +1564   -330   25 999 9999 +999 9999 +999 00 00 L1C DB
G99 99 59556 230200 0780 099 0099 +9999999999 +99999       +1555   -387   31 999 9999 +999 9999 +999 00 00 L1C DD
G99 99 59556 231800 0780 099 0099 +9999999999 +99999       +1535   -143   25 999 9999 +999 9999 +999 00 00 L1C DB
G99 99 59556 233400 0780 099 0099 +9999999999 +99999       +1537   -413   21 999 9999 +999 9999 +999 00 00 L1C D7
G99 99 59556 235000 0780 099 0099 +9999999999 +99999       +1550   -228   19 999 9999 +999 9999 +999 00 00 L1C DB
