CGGTTS GENERIC DATA FORMAT VERSION = 2E
REV DATE = 2014-02-20
RCVR = GORGYTIMING SYREF25 18259999 2018 v00
CH = 12
IMS = 99999
LAB = SY82
X = +4314143.824 m
Y =  +452633.241 m
Z = +4660711.385 m
FRAME = ITRF
COMMENTS = NO COMMENTS
SYS DLY = 000.0 ns (GPS C1)     CAL_ID = NA
CAB DLY = 000.0 ns
REF DLY = 000.0 ns
REF = REF(SY82)
CKSUM = CE

SAT CL  MJD  STTIME TRKL ELV AZTH   REFSV      SRSV     REFSYS    SRSYS  DSG IOE MDTR SMDT MDIO SMDI FR HC FRC CK
             hhmmss s   .1dg .1dg    .1ns     .1ps/s     .1ns    .1ps/s .1ns     .1ns.1ps/s.1ns.1ps/s
G99 99 59547 001400 0780 099 0099 +9999999999 +99999       +1506   -224   22 999 9999 +999 9999 +999 00 00 L1C CD
G99 99 59547 003000 0780 099 0099 +9999999999 +99999       +1528   -190   19 999 9999 +999 9999 +999 00 00 L1C D7
G99 99 59547 004600 0780 099 0099 +9999999999 +99999       +1527   +478   23 999 9999 +999 9999 +999 00 00 L1C DF
G99 99 59547 010200 0780 099 0099 +9999999999 +99999       +1515   -189   21 999 9999 +999 9999 +999 00 00 L1C D4
G99 99 59547 011800 0780 099 0099 +9999999999 +99999       +1541  +1240   32 999 9999 +999 9999 +999 00 00 L1C DF
G99 99 59547 013400 0780 099 0099 +9999999999 +99999       +1534   +324   23 999 9999 +999 9999 +999 00 00 L1C D1
G99 99 59547 015000 0780 099 0099 +9999999999 +99999       +1539   -587   28 999 9999 +999 9999 +999 00 00 L1C E6
G99 99 59547 020600 0780 099 0099 +9999999999 +99999       +1533    -72   33 999 9999 +999 9999 +999 00 00 L1C C3
G99 99 59547 022200 0780 099 0099 +9999999999 +99999       +1515   -634   30 999 9999 +999 9999 +999 00 00 L1C D2
G99 99 59547 023800 0780 099 0099 +9999999999 +99999       +1528   -883   30 999 9999 +999 9999 +999 00 00 L1C E3
G99 99 59547 025400 0780 099 0099 +9999999999 +99999       +1530   -177   26 999 9999 +999 9999 +999 00 00 L1C DB
G99 99 59547 031000 0780 099 0099 +9999999999 +99999       +1535   -134   25 999 9999 +999 9999 +999 00 00 L1C D1
G99 99 59547 032600 0780 099 0099 +9999999999 +99999       +1515   +479   26 999 9999 +999 9999 +999 00 00 L1C E1
G99 99 59547 034200 0780 099 0099 +9999999999 +99999       +1507    -82   23 999 9999 +999 9999 +999 00 00 L1C C5
G99 99 59547 035800 0780 099 0099 +9999999999 +99999       +1515   +175   24 999 9999 +999 9999 +999 00 00 L1C DD
G99 99 59547 041400 0780 099 0099 +9999999999 +99999       +1534   +159   23 999 9999 +999 9999 +999 00 00 L1C D8
G99 99 59547 043000 0780 099 0099 +9999999999 +99999       +1522   -448   23 999 9999 +999 9999 +999 00 00 L1C D6
G99 99 59547 044600 0780 099 0099 +9999999999 +99999       +1528   -299   25 999 9999 +999 9999 +999 00 00 L1C E9
G99 99 59547 050200 0780 099 0099 +9999999999 +99999       +1539   +650   23 999 9999 +999 9999 +999 00 00 L1C D7
G99 99 59547 051800 0780 099 0099 +9999999999 +99999       +1538   +459   20 999 9999 +999 9999 +999 00 00 L1C E1
G99 99 59547 053400 0780 099 0099 +9999999999 +99999       +1559   -395   23 999 9999 +999 9999 +999 00 00 L1C E6
G99 99 59547 055000 0780 099 0099 +9999999999 +99999       +1551   -124   23 999 9999 +999 9999 +999 00 00 L1C D2
G99 99 59547 060600 0780 099 0099 +9999999999 +99999       +1550    -69   18 999 9999 +999 9999 +999 00 00 L1C CF
G99 99 59547 062200 0780 099 0099 +9999999999 +99999       +1541   -392   25 999 9999 +999 9999 +999 00 00 L1C DA
G99 99 59547 063800 0780 099 0099 +9999999999 +99999       +1531   -223   24 999 9999 +999 9999 +999 00 00 L1C D8
G99 99 59547 065400 0780 099 0099 +9999999999 +99999       +1518   -154   19 999 9999 +999 9999 +999 00 00 L1C E2
G99 99 59547 071000 0780 099 0099 +9999999999 +99999       +1544   -231   21 999 9999 +999 9999 +999 00 00 L1C CF
G99 99 59547 072600 0780 099 0099 +9999999999 +99999       +1537    +76   23 999 9999 +999 9999 +999 00 00 L1C CF
G99 99 59547 074200 0780 099 0099 +9999999999 +99999       +1558   +478   23 999 9999 +999 9999 +999 00 00 L1C E6
G99 99 59547 075800 0780 099 0099 +9999999999 +99999       +1556   +241   23 999 9999 +999 9999 +999 00 00 L1C DF
G99 99 59547 081400 0780 099 0099 +9999999999 +99999       +1585  +1002   33 999 9999 +999 9999 +999 00 00 L1C E7
G99 99 59547 083000 0780 099 0099 +9999999999 +99999       +1557  -1476   38 999 9999 +999 9999 +999 00 00 L1C FA
G99 99 59547 084600 0780 099 0099 +9999999999 +99999       +1537   +232   20 999 9999 +999 9999 +999 00 00 L1C D9
G99 99 59547 090200 0780 099 0099 +9999999999 +99999       +1552    +85   30 999 9999 +999 9999 +999 00 00 L1C C6
G99 99 59547 091800 0780 099 0099 +9999999999 +99999       +1564    -26   30 999 9999 +999 9999 +999 00 00 L1C CD
G99 99 59547 093400 0780 099 0099 +9999999999 +99999       +1534    -37   24 999 9999 +999 9999 +999 00 00 L1C CD
G99 99 59547 100200 0780 099 0099 +9999999999 +99999       +1506   -151   22 999 9999 +999 9999 +999 00 00 L1C CA
G99 99 59547 101800 0780 099 0099 +9999999999 +99999       +1532   +442   24 999 9999 +999 9999 +999 00 00 L1C D3
G99 99 59547 103400 0780 099 0099 +9999999999 +99999       +1512   -149   28 999 9999 +999 9999 +999 00 00 L1C D9
G99 99 59547 105000 0780 099 0099 +9999999999 +99999       +1511   +722   27 999 9999 +999 9999 +999 00 00 L1C D0
G99 99 59547 110600 0780 099 0099 +9999999999 +99999       +1495   -915   28 999 9999 +999 9999 +999 00 00 L1C E4
G99 99 59547 112200 0780 099 0099 +9999999999 +99999       +1513   -140   30 999 9999 +999 9999 +999 00 00 L1C C8
G99 99 59547 113800 0780 099 0099 +9999999999 +99999       +1500   -789   26 999 9999 +999 9999 +999 00 00 L1C E3
G99 99 59547 115400 0780 099 0099 +9999999999 +99999       +1508   -100   21 999 9999 +999 9999 +999 00 00 L1C CD
G99 99 59547 121000 0780 099 0099 +9999999999 +99999       +1514   -110   25 999 9999 +999 9999 +999 00 00 L1C C8
G99 99 59547 122600 0780 099 0099 +9999999999 +99999       +1511   -110   20 999 9999 +999 9999 +999 00 00 L1C C7
G99 99 59547 124200 0780 099 0099 +9999999999 +99999       +1476   +151   24 999 9999 +999 9999 +999 00 00 L1C D6
G99 99 59547 125800 0780 099 0099 +9999999999 +99999       +1475    -24   24 999 9999 +999 9999 +999 00 00 L1C CD
G99 99 59547 131400 0780 099 0099 +9999999999 +99999       +1492   +469   23 999 9999 +999 9999 +999 00 00 L1C DF
G99 99 59547 133000 0780 099 0099 +9999999999 +99999       +1503    +51   26 999 9999 +999 9999 +999 00 00 L1C BC
G99 99 59547 140200 0780 099 0099 +9999999999 +99999       +1453   -809   26 999 9999 +999 9999 +999 00 00 L1C DD
G99 99 59547 141800 0780 099 0099 +9999999999 +99999       +1439   +528   28 999 9999 +999 9999 +999 00 00 L1C E6
G99 99 59547 143400 0780 099 0099 +9999999999 +99999       +1450   +324   23 999 9999 +999 9999 +999 00 00 L1C D2
G99 99 59547 145000 0780 099 0099 +9999999999 +99999       +1481   -658   23 999 9999 +999 9999 +999 00 00 L1C E0
G99 99 59547 150600 0780 099 0099 +9999999999 +99999       +1443   -401   23 999 9999 +999 9999 +999 00 00 L1C D2
G99 99 59547 152200 0780 099 0099 +9999999999 +99999       +1444   -114   23 999 9999 +999 9999 +999 00 00 L1C D2
G99 99 59547 153800 0780 099 0099 +9999999999 +99999       +1414   +704   25 999 9999 +999 9999 +999 00 00 L1C DB
G99 99 59547 155400 0780 099 0099 +9999999999 +99999       +1431   -718   30 999 9999 +999 9999 +999 00 00 L1C DB
G99 99 59547 161000 0780 099 0099 +9999999999 +99999       +1427   -126   21 999 9999 +999 9999 +999 00 00 L1C D2
G99 99 59547 162600 0780 099 0099 +9999999999 +99999       +1450   +325   23 999 9999 +999 9999 +999 00 00 L1C D6
G99 99 59547 164200 0780 099 0099 +9999999999 +99999       +1442   -353   27 999 9999 +999 9999 +999 00 00 L1C DC
G99 99 59547 165800 0780 099 0099 +9999999999 +99999       +1456   -173   22 999 9999 +999 9999 +999 00 00 L1C E3
G99 99 59547 171400 0780 099 0099 +9999999999 +99999       +1483   +487   26 999 9999 +999 9999 +999 00 00 L1C E6
G99 99 59547 173000 0780 099 0099 +9999999999 +99999       +1502    +18   28 999 9999 +999 9999 +999 00 00 L1C C4
G99 99 59547 174600 0780 099 0099 +9999999999 +99999       +1507  +1086   35 999 9999 +999 9999 +999 00 00 L1C F4
G99 99 59547 180200 0780 099 0099 +9999999999 +99999       +1510  -1083   28 999 9999 +999 9999 +999 00 00 L1C E8
G99 99 59547 181800 0780 099 0099 +9999999999 +99999       +1505   +593   25 999 9999 +999 9999 +999 00 00 L1C E3
G99 99 59547 183400 0780 099 0099 +9999999999 +99999       +1507   +277   20 999 9999 +999 9999 +999 00 00 L1C DD
G99 99 59547 185000 0780 099 0099 +9999999999 +99999       +1513   +377   26 999 9999 +999 9999 +999 00 00 L1C DF
G99 99 59547 190600 0780 099 0099 +9999999999 +99999       +1512   -446   24 999 9999 +999 9999 +999 00 00 L1C DD
G99 99 59547 192200 0780 099 0099 +9999999999 +99999       +1533   -693   23 999 9999 +999 9999 +999 00 00 L1C E1
G99 99 59547 193800 0780 099 0099 +9999999999 +99999       +1535   +122   24 999 9999 +999 9999 +999 00 00 L1C DC
G99 99 59547 195400 0780 099 0099 +9999999999 +99999       +1521    -71   24 999 9999 +999 9999 +999 00 00 L1C CA
G99 99 59547 201000 0780 099 0099 +9999999999 +99999       +1547   +826   33 999 9999 +999 9999 +999 00 00 L1C D8
G99 99 59547 202600 0780 099 0099 +9999999999 +99999       +1521   -684   30 999 9999 +999 9999 +999 00 00 L1C D8
G99 99 59547 204200 0780 099 0099 +9999999999 +99999       +1520   -309   24 999 9999 +999 9999 +999 00 00 L1C D2
G99 99 59547 205800 0780 099 0099 +9999999999 +99999       +1539   -496   26 999 9999 +999 9999 +999 00 00 L1C EC
G99 99 59547 211400 0780 099 0099 +9999999999 +99999       +1541   -300   25 999 9999 +999 9999 +999 00 00 L1C CD
G99 99 59547 213000 0780 099 0099 +9999999999 +99999       +1534   -418   27 999 9999 +999 9999 +999 00 00 L1C D9
G99 99 59547 214600 0780 099 0099 +9999999999 +99999       +1538   -315   32 999 9999 +999 9999 +999 00 00 L1C DC
G99 99 59547 220200 0780 099 0099 +9999999999 +99999       +1514   +365   28 999 9999 +999 9999 +999 00 00 L1C D7
G99 99 59547 221800 0780 099 0099 +9999999999 +99999       +1512   -187   28 999 9999 +999 9999 +999 00 00 L1C E0
G99 99 59547 223400 0780 099 0099 +9999999999 +99999       +1525   -885   31 999 9999 +999 9999 +999 00 00 L1C E1
G99 99 59547 225000 0780 099 0099 +9999999999 +99999       +1510   -201   27 999 9999 +999 9999 +999 00 00 L1C CC
G99 99 59547 230600 0780 099 0099 +9999999999 +99999       +1511   +561   25 999 9999 +999 9999 +999 00 00 L1C D4
G99 99 59547 232200 0780 099 0099 +9999999999 +99999       +1552   -557   29 999 9999 +999 9999 +999 00 00 L1C E2
G99 99 59547 233800 0780 099 0099 +9999999999 +99999       +1536   -485   28 999 9999 +999 9999 +999 00 00 L1C EA
G99 99 59547 235400 0780 099 0099 +9999999999 +99999       +1521   -276   20 999 9999 +999 9999 +999 00 00 L1C D8
