CGGTTS GENERIC DATA FORMAT VERSION = 2E
REV DATE = 2014-02-20
RCVR = GORGYTIMING SYREF25 18259999 2018 v00
CH = 12
IMS = 99999
LAB = SY82
X = +4314139.400 m
Y =  +452633.263 m
Z = +4660704.855 m
FRAME = ITRF
COMMENTS = NO COMMENTS
SYS DLY = 000.0 ns (GPS C1)     CAL_ID = NA
CAB DLY = 000.0 ns
REF DLY = 000.0 ns
REF = REF(SY82)
CKSUM = D1

SAT CL  MJD  STTIME TRKL ELV AZTH   REFSV      SRSV     REFSYS    SRSYS  DSG IOE MDTR SMDT MDIO SMDI FR HC FRC CK
             hhmmss s   .1dg .1dg    .1ns     .1ps/s     .1ns    .1ps/s .1ns     .1ns.1ps/s.1ns.1ps/s
G99 99 59511 001400 0780 099 0099 +9999999999 +99999 +9999989590   -199   26 999 9999 +999 9999 +999 00 00 L1C 73
G99 99 59511 003000 0780 099 0099 +9999999999 +99999 +9999989596   +146   25 999 9999 +999 9999 +999 00 00 L1C 6C
G99 99 59511 004600 0780 099 0099 +9999999999 +99999 +9999989574   -248   27 999 9999 +999 9999 +999 00 00 L1C 76
G99 99 59511 010200 0780 099 0099 +9999999999 +99999 +9999989590   -312   29 999 9999 +999 9999 +999 00 00 L1C 67
G99 99 59511 011800 0780 099 0099 +9999999999 +99999 +9999989587   -780   32 999 9999 +999 9999 +999 00 00 L1C 77
G99 99 59511 013400 0780 099 0099 +9999999999 +99999 +9999989585   +594   30 999 9999 +999 9999 +999 00 00 L1C 72
G99 99 59511 015000 0780 099 0099 +9999999999 +99999 +9999989577   +213   34 999 9999 +999 9999 +999 00 00 L1C 69
G99 99 59511 020600 0780 099 0099 +9999999999 +99999 +9999989576   -562   28 999 9999 +999 9999 +999 00 00 L1C 76
G99 99 59511 022200 0780 099 0099 +9999999999 +99999 +9999989573   +157   24 999 9999 +999 9999 +999 00 00 L1C 6B
G99 99 59511 023800 0780 099 0099 +9999999999 +99999 +9999989576   +282   18 999 9999 +999 9999 +999 00 00 L1C 77
G99 99 59511 025400 0780 099 0099 +9999999999 +99999 +9999989581   -213   21 999 9999 +999 9999 +999 00 00 L1C 67
G99 99 59511 031000 0780 099 0099 +9999999999 +99999 +9999989573   +143   22 999 9999 +999 9999 +999 00 00 L1C 62
G99 99 59511 041400 0780 099 0099 +9999999999 +99999 +9999989463   -213   25 999 9999 +999 9999 +999 00 00 L1C 68
G99 99 59511 043000 0780 099 0099 +9999999999 +99999 +9999989460   -214   24 999 9999 +999 9999 +999 00 00 L1C 63
G99 99 59511 044600 0780 099 0099 +9999999999 +99999 +9999989447   +258   26 999 9999 +999 9999 +999 00 00 L1C 77
G99 99 59511 050200 0780 099 0099 +9999999999 +99999 +9999989460     -1   27 999 9999 +999 9999 +999 00 00 L1C 40
G99 99 59511 051800 0780 099 0099 +9999999999 +99999 +9999989470   -229   31 999 9999 +999 9999 +999 00 00 L1C 6F
G99 99 59511 053400 0780 099 0099 +9999999999 +99999 +9999989473   +202   28 999 9999 +999 9999 +999 00 00 L1C 6B
G99 99 59511 055000 0780 099 0099 +9999999999 +99999 +9999989464  +1401   34 999 9999 +999 9999 +999 00 00 L1C 78
G99 99 59511 060600 0780 099 0099 +9999999999 +99999 +9999989478    +64   20 999 9999 +999 9999 +999 00 00 L1C 5E
G99 99 59511 062200 0780 099 0099 +9999999999 +99999 +9999989485    -69   25 999 9999 +999 9999 +999 00 00 L1C 66
G99 99 59511 063800 0780 099 0099 +9999999999 +99999 +9999989484   +601   24 999 9999 +999 9999 +999 00 00 L1C 71
G99 99 59511 065400 0780 099 0099 +9999999999 +99999 +9999989484   +817   25 999 9999 +999 9999 +999 00 00 L1C 79
G99 99 59511 071000 0780 099 0099 +9999999999 +99999 +9999989486  -1323   36 999 9999 +999 9999 +999 00 00 L1C 81
G99 99 59511 072600 0780 099 0099 +9999999999 +99999 +9999989494   +212   26 999 9999 +999 9999 +999 00 00 L1C 70
G99 99 59511 074200 0780 099 0099 +9999999999 +99999 +9999989486     -2   28 999 9999 +999 9999 +999 00 00 L1C 50
G99 99 59511 075800 0780 099 0099 +9999999999 +99999 +9999989502   +801   25 999 9999 +999 9999 +999 00 00 L1C 6E
G99 99 59511 081400 0780 099 0099 +9999999999 +99999 +9999989492   +352   25 999 9999 +999 9999 +999 00 00 L1C 70
G99 99 59511 083000 0780 099 0099 +9999999999 +99999 +9999989500   -470   22 999 9999 +999 9999 +999 00 00 L1C 64
G99 99 59511 084600 0780 099 0099 +9999999999 +99999 +9999989488   -430   23 999 9999 +999 9999 +999 00 00 L1C 77
G99 99 59511 090200 0780 099 0099 +9999999999 +99999 +9999989496   -183   21 999 9999 +999 9999 +999 00 00 L1C 72
G99 99 59511 091800 0780 099 0099 +9999999999 +99999 +9999989506    -14   21 999 9999 +999 9999 +999 00 00 L1C 5A
G99 99 59511 093400 0780 099 0099 +9999999999 +99999 +9999989491   -857   24 999 9999 +999 9999 +999 00 00 L1C 7D
G99 99 59511 095000 0780 099 0099 +9999999999 +99999 +9999989486   +570   25 999 9999 +999 9999 +999 00 00 L1C 76
G99 99 59511 100600 0780 099 0099 +9999999999 +99999 +9999989497    -15   22 999 9999 +999 9999 +999 00 00 L1C 5A
G99 99 59511 102200 0780 099 0099 +9999999999 +99999 +9999989484    -97   27 999 9999 +999 9999 +999 00 00 L1C 63
G99 99 59511 103800 0780 099 0099 +9999999999 +99999 +9999989497     -2   22 999 9999 +999 9999 +999 00 00 L1C 4B
G99 99 59511 105400 0780 099 0099 +9999999999 +99999 +9999989522   -820   28 999 9999 +999 9999 +999 00 00 L1C 6C
G99 99 59511 111000 0780 099 0099 +9999999999 +99999 +9999989495   -171   19 999 9999 +999 9999 +999 00 00 L1C 6D
G99 99 59511 112600 0780 099 0099 +9999999999 +99999 +9999989481   +146   22 999 9999 +999 9999 +999 00 00 L1C 69
G99 99 59511 114200 0780 099 0099 +9999999999 +99999 +9999989499  +1359   34 999 9999 +999 9999 +999 00 00 L1C 8A
G99 99 59511 115800 0780 099 0099 +9999999999 +99999 +9999989518   -828   26 999 9999 +999 9999 +999 00 00 L1C 7C
G99 99 59511 122600 0780 099 0099 +9999999999 +99999 +9999989497   -601   26 999 9999 +999 9999 +999 00 00 L1C 73
G99 99 59511 124200 0780 099 0099 +9999999999 +99999 +9999989490   -199   22 999 9999 +999 9999 +999 00 00 L1C 72
G99 99 59511 125800 0780 099 0099 +9999999999 +99999 +9999989468   -314   27 999 9999 +999 9999 +999 00 00 L1C 78
G99 99 59511 131400 0780 099 0099 +9999999999 +99999 +9999989498   -334   29 999 9999 +999 9999 +999 00 00 L1C 78
G99 99 59511 133000 0780 099 0099 +9999999999 +99999 +9999989484   +665   28 999 9999 +999 9999 +999 00 00 L1C 75
G99 99 59511 134600 0780 099 0099 +9999999999 +99999 +9999989490    -22   27 999 9999 +999 9999 +999 00 00 L1C 5D
G99 99 59511 140200 0780 099 0099 +9999999999 +99999 +9999989475   +498   24 999 9999 +999 9999 +999 00 00 L1C 75
G99 99 59511 141800 0780 099 0099 +9999999999 +99999 +9999989470   -191   31 999 9999 +999 9999 +999 00 00 L1C 6D
G99 99 59511 143400 0780 099 0099 +9999999999 +99999 +9999989462   -398   25 999 9999 +999 9999 +999 00 00 L1C 78
G99 99 59511 145000 0780 099 0099 +9999999999 +99999 +9999989456  +1204   31 999 9999 +999 9999 +999 00 00 L1C 77
G99 99 59511 150600 0780 099 0099 +9999999999 +99999 +9999989458   -208   21 999 9999 +999 9999 +999 00 00 L1C 6F
G99 99 59511 152200 0780 099 0099 +9999999999 +99999 +9999989453   -929   27 999 9999 +999 9999 +999 00 00 L1C 78
G99 99 59511 153800 0780 099 0099 +9999999999 +99999 +9999989441    +58   23 999 9999 +999 9999 +999 00 00 L1C 5F
G99 99 59511 155400 0780 099 0099 +9999999999 +99999 +9999989432   +279   24 999 9999 +999 9999 +999 00 00 L1C 73
G99 99 59511 162600 0780 099 0099 +9999999999 +99999 +9999989444   -299   24 999 9999 +999 9999 +999 00 00 L1C 7A
G99 99 59511 164200 0780 099 0099 +9999999999 +99999 +9999989450   -275   31 999 9999 +999 9999 +999 00 00 L1C 6D
G99 99 59511 165800 0780 099 0099 +9999999999 +99999 +9999989452   -255   33 999 9999 +999 9999 +999 00 00 L1C 76
G99 99 59511 171400 0780 099 0099 +9999999999 +99999 +9999989452   -169   19 999 9999 +999 9999 +999 00 00 L1C 77
G99 99 59511 173000 0780 099 0099 +9999999999 +99999 +9999989444  +1143   27 999 9999 +999 9999 +999 00 00 L1C 7C
G99 99 59511 174600 0780 099 0099 +9999999999 +99999 +9999989450    +30   32 999 9999 +999 9999 +999 00 00 L1C 56
G99 99 59511 180200 0780 099 0099 +9999999999 +99999 +9999989443   +539   32 999 9999 +999 9999 +999 00 00 L1C 6F
G99 99 59511 181800 0780 099 0099 +9999999999 +99999 +9999989445   -152   24 999 9999 +999 9999 +999 00 00 L1C 72
G99 99 59511 183400 0780 099 0099 +9999999999 +99999 +9999989449   +130   21 999 9999 +999 9999 +999 00 00 L1C 6B
G99 99 59511 185000 0780 099 0099 +9999999999 +99999 +9999989446   +118   24 999 9999 +999 9999 +999 00 00 L1C 6F
G99 99 59511 190600 0780 099 0099 +9999999999 +99999 +9999989437   -292   28 999 9999 +999 9999 +999 00 00 L1C 7A
G99 99 59511 192200 0780 099 0099 +9999999999 +99999 +9999989443    -59   32 999 9999 +999 9999 +999 00 00 L1C 61
G99 99 59511 193800 0780 099 0099 +9999999999 +99999 +9999989448   -469   28 999 9999 +999 9999 +999 00 00 L1C 87
G99 99 59511 195400 0780 099 0099 +9999999999 +99999 +9999989442   +943   32 999 9999 +999 9999 +999 00 00 L1C 75
G99 99 59511 201000 0780 099 0099 +9999999999 +99999 +9999989440   +956   27 999 9999 +999 9999 +999 00 00 L1C 6B
G99 99 59511 202600 0780 099 0099 +9999999999 +99999 +9999989433   -690   33 999 9999 +999 9999 +999 00 00 L1C 6E
G99 99 59511 204200 0780 099 0099 +9999999999 +99999 +9999989432   -125   26 999 9999 +999 9999 +999 00 00 L1C 66
G99 99 59511 205800 0780 099 0099 +9999999999 +99999 +9999989419   -199   24 999 9999 +999 9999 +999 00 00 L1C 7B
G99 99 59511 211400 0780 099 0099 +9999999999 +99999 +9999989414   -307   21 999 9999 +999 9999 +999 00 00 L1C 63
G99 99 59511 213000 0780 099 0099 +9999999999 +99999 +9999989415   -466   21 999 9999 +999 9999 +999 00 00 L1C 68
G99 99 59511 214600 0780 099 0099 +9999999999 +99999 +9999989413   -155   25 999 9999 +999 9999 +999 00 00 L1C 6C
G99 99 59511 220200 0780 099 0099 +9999999999 +99999 +9999989415   -286   26 999 9999 +999 9999 +999 00 00 L1C 6D
G99 99 59511 221800 0780 099 0099 +9999999999 +99999 +9999989424  -1153   36 999 9999 +999 9999 +999 00 00 L1C 7F
G99 99 59511 223400 0780 099 0099 +9999999999 +99999 +9999989417   +265   24 999 9999 +999 9999 +999 00 00 L1C 6D
G99 99 59511 225000 0780 099 0099 +9999999999 +99999 +9999989403   +512   30 999 9999 +999 9999 +999 00 00 L1C 5E
G99 99 59511 230600 0780 099 0099 +9999999999 +99999 +9999989413   -239   22 999 9999 +999 9999 +999 00 00 L1C 6A
G99 99 59511 232200 0780 099 0099 +9999999999 +99999 +9999989401   +474   32 999 9999 +999 9999 +999 00 00 L1C 65
G99 99 59511 233800 0780 099 0099 +9999999999 +99999 +9999989400   -625   32 999 9999 +999 9999 +999 00 00 L1C 6B
