CGGTTS GENERIC DATA FORMAT VERSION = 2E
REV DATE = 2014-02-20
RCVR = GORGYTIMING SYREF25 18259999 2018 v00
CH = 12
IMS = 99999
LAB = SY82
X = +4314143.824 m
Y =  +452633.241 m
Z = +4660711.385 m
FRAME = ITRF
COMMENTS = NO COMMENTS
SYS DLY = 000.0 ns (GPS C1)     CAL_ID = NA
CAB DLY = 000.0 ns
REF DLY = 000.0 ns
REF = REF(SY82)
CKSUM = CE

SAT CL  MJD  STTIME TRKL ELV AZTH   REFSV      SRSV     REFSYS    SRSYS  DSG IOE MDTR SMDT MDIO SMDI FR HC FRC CK
             hhmmss s   .1dg .1dg    .1ns     .1ps/s     .1ns    .1ps/s .1ns     .1ns.1ps/s.1ns.1ps/s
G99 99 59548 001000 0780 099 0099 +9999999999 +99999       +1522   +265   25 999 9999 +999 9999 +999 00 00 L1C CE
G99 99 59548 002600 0780 099 0099 +9999999999 +99999       +1535   -209   19 999 9999 +999 9999 +999 00 00 L1C DC
G99 99 59548 004200 0780 099 0099 +9999999999 +99999       +1530   +507   24 999 9999 +999 9999 +999 00 00 L1C D0
G99 99 59548 005800 0780 099 0099 +9999999999 +99999       +1527    -77   25 999 9999 +999 9999 +999 00 00 L1C D2
G99 99 59548 011400 0780 099 0099 +9999999999 +99999       +1550  +1233   34 999 9999 +999 9999 +999 00 00 L1C E0
G99 99 59548 013000 0780 099 0099 +9999999999 +99999       +1547   -373   23 999 9999 +999 9999 +999 00 00 L1C D8
G99 99 59548 014600 0780 099 0099 +9999999999 +99999       +1536   -220   28 999 9999 +999 9999 +999 00 00 L1C D9
G99 99 59548 020200 0780 099 0099 +9999999999 +99999       +1545   -243   24 999 9999 +999 9999 +999 00 00 L1C D3
G99 99 59548 021800 0780 099 0099 +9999999999 +99999       +1531   +244   25 999 9999 +999 9999 +999 00 00 L1C D5
G99 99 59548 023400 0780 099 0099 +9999999999 +99999       +1550   -756   30 999 9999 +999 9999 +999 00 00 L1C DA
G99 99 59548 025000 0780 099 0099 +9999999999 +99999       +1554   -205   24 999 9999 +999 9999 +999 00 00 L1C D4
G99 99 59548 030600 0780 099 0099 +9999999999 +99999       +1547   -383   21 999 9999 +999 9999 +999 00 00 L1C DC
G99 99 59548 032200 0780 099 0099 +9999999999 +99999       +1536   +281   26 999 9999 +999 9999 +999 00 00 L1C D8
G99 99 59548 033800 0780 099 0099 +9999999999 +99999       +1516   -167   20 999 9999 +999 9999 +999 00 00 L1C DC
G99 99 59548 035400 0780 099 0099 +9999999999 +99999       +1534   +304   21 999 9999 +999 9999 +999 00 00 L1C D2
G99 99 59548 041000 0780 099 0099 +9999999999 +99999       +1562    +48   19 999 9999 +999 9999 +999 00 00 L1C C8
G99 99 59548 042600 0780 099 0099 +9999999999 +99999       +1545   -199   22 999 9999 +999 9999 +999 00 00 L1C E3
G99 99 59548 044200 0780 099 0099 +9999999999 +99999       +1541   -782   29 999 9999 +999 9999 +999 00 00 L1C E2
G99 99 59548 045800 0780 099 0099 +9999999999 +99999       +1548   +202   21 999 9999 +999 9999 +999 00 00 L1C D9
G99 99 59548 051400 0780 099 0099 +9999999999 +99999       +1565   -190   18 999 9999 +999 9999 +999 00 00 L1C DF
G99 99 59548 053000 0780 099 0099 +9999999999 +99999       +1570    +66   23 999 9999 +999 9999 +999 00 00 L1C C5
G99 99 59548 054600 0780 099 0099 +9999999999 +99999       +1574   -228   20 999 9999 +999 9999 +999 00 00 L1C DF
G99 99 59548 060200 0780 099 0099 +9999999999 +99999       +1571   -272   20 999 9999 +999 9999 +999 00 00 L1C D4
G99 99 59548 061800 0780 099 0099 +9999999999 +99999       +1538   -619   24 999 9999 +999 9999 +999 00 00 L1C E7
G99 99 59548 063400 0780 099 0099 +9999999999 +99999       +1535    -63   18 999 9999 +999 9999 +999 00 00 L1C CE
G99 99 59548 065000 0780 099 0099 +9999999999 +99999       +1533   +204   19 999 9999 +999 9999 +999 00 00 L1C D6
G99 99 59548 070600 0780 099 0099 +9999999999 +99999       +1539   -287   20 999 9999 +999 9999 +999 00 00 L1C E3
G99 99 59548 072200 0780 099 0099 +9999999999 +99999       +1533   +685   24 999 9999 +999 9999 +999 00 00 L1C DF
G99 99 59548 073800 0780 099 0099 +9999999999 +99999       +1563   +271   23 999 9999 +999 9999 +999 00 00 L1C DF
G99 99 59548 075400 0780 099 0099 +9999999999 +99999       +1565   +523   24 999 9999 +999 9999 +999 00 00 L1C E0
G99 99 59548 081000 0780 099 0099 +9999999999 +99999       +1589   +260   20 999 9999 +999 9999 +999 00 00 L1C D9
G99 99 59548 082600 0780 099 0099 +9999999999 +99999       +1559   -923   29 999 9999 +999 9999 +999 00 00 L1C EE
G99 99 59548 084200 0780 099 0099 +9999999999 +99999       +1543   -124   24 999 9999 +999 9999 +999 00 00 L1C D9
G99 99 59548 085800 0780 099 0099 +9999999999 +99999       +1556   +212   35 999 9999 +999 9999 +999 00 00 L1C E2
G99 99 59548 091400 0780 099 0099 +9999999999 +99999       +1572   -237   23 999 9999 +999 9999 +999 00 00 L1C DF
G99 99 59548 093000 0780 099 0099 +9999999999 +99999       +1542   -318   19 999 9999 +999 9999 +999 00 00 L1C DF
G99 99 59548 095800 0780 099 0099 +9999999999 +99999       +1527    +65   20 999 9999 +999 9999 +999 00 00 L1C D1
G99 99 59548 101400 0780 099 0099 +9999999999 +99999       +1542   +880   25 999 9999 +999 9999 +999 00 00 L1C D8
G99 99 59548 103000 0780 099 0099 +9999999999 +99999       +1523   -587   27 999 9999 +999 9999 +999 00 00 L1C DD
G99 99 59548 104600 0780 099 0099 +9999999999 +99999       +1534   -187   30 999 9999 +999 9999 +999 00 00 L1C DC
G99 99 59548 110200 0780 099 0099 +9999999999 +99999       +1511   -512   20 999 9999 +999 9999 +999 00 00 L1C C7
G99 99 59548 111800 0780 099 0099 +9999999999 +99999       +1531   -370   23 999 9999 +999 9999 +999 00 00 L1C D5
G99 99 59548 113400 0780 099 0099 +9999999999 +99999       +1525    +22   21 999 9999 +999 9999 +999 00 00 L1C BC
G99 99 59548 115000 0780 099 0099 +9999999999 +99999       +1505   +103   20 999 9999 +999 9999 +999 00 00 L1C C7
G99 99 59548 120600 0780 099 0099 +9999999999 +99999       +1511   +372   19 999 9999 +999 9999 +999 00 00 L1C D6
G99 99 59548 122200 0780 099 0099 +9999999999 +99999       +1512     -0   16 999 9999 +999 9999 +999 00 00 L1C A8
G99 99 59548 123800 0780 099 0099 +9999999999 +99999       +1485   +523   20 999 9999 +999 9999 +999 00 00 L1C DB
G99 99 59548 125400 0780 099 0099 +9999999999 +99999       +1466    +82   17 999 9999 +999 9999 +999 00 00 L1C CE
G99 99 59548 131000 0780 099 0099 +9999999999 +99999       +1478   +452   25 999 9999 +999 9999 +999 00 00 L1C DA
G99 99 59548 132600 0780 099 0099 +9999999999 +99999       +1490   -199   22 999 9999 +999 9999 +999 00 00 L1C E2
G99 99 59548 135800 0780 099 0099 +9999999999 +99999       +1450   -660   24 999 9999 +999 9999 +999 00 00 L1C DE
G99 99 59548 141400 0780 099 0099 +9999999999 +99999       +1445    +30   19 999 9999 +999 9999 +999 00 00 L1C C4
G99 99 59548 143000 0780 099 0099 +9999999999 +99999       +1463   +720   20 999 9999 +999 9999 +999 00 00 L1C D0
G99 99 59548 144600 0780 099 0099 +9999999999 +99999       +1491   -689   20 999 9999 +999 9999 +999 00 00 L1C E8
G99 99 59548 150200 0780 099 0099 +9999999999 +99999       +1460   -237   22 999 9999 +999 9999 +999 00 00 L1C D4
G99 99 59548 151800 0780 099 0099 +9999999999 +99999       +1447   -207   20 999 9999 +999 9999 +999 00 00 L1C DB
G99 99 59548 153400 0780 099 0099 +9999999999 +99999       +1417   +560   21 999 9999 +999 9999 +999 00 00 L1C D7
G99 99 59548 155000 0780 099 0099 +9999999999 +99999       +1437   +172   21 999 9999 +999 9999 +999 00 00 L1C D6
G99 99 59548 160600 0780 099 0099 +9999999999 +99999       +1442   +136   17 999 9999 +999 9999 +999 00 00 L1C D9
G99 99 59548 162200 0780 099 0099 +9999999999 +99999       +1463   +124   23 999 9999 +999 9999 +999 00 00 L1C D4
G99 99 59548 163800 0780 099 0099 +9999999999 +99999       +1462   -482   27 999 9999 +999 9999 +999 00 00 L1C E7
G99 99 59548 165400 0780 099 0099 +9999999999 +99999       +1469   +155   24 999 9999 +999 9999 +999 00 00 L1C E4
G99 99 59548 171000 0780 099 0099 +9999999999 +99999       +1509   -277   24 999 9999 +999 9999 +999 00 00 L1C DF
G99 99 59548 172600 0780 099 0099 +9999999999 +99999       +1512   +218   23 999 9999 +999 9999 +999 00 00 L1C D8
G99 99 59548 174200 0780 099 0099 +9999999999 +99999       +1521   +278   21 999 9999 +999 9999 +999 00 00 L1C DA
G99 99 59548 175800 0780 099 0099 +9999999999 +99999       +1525  -1350   30 999 9999 +999 9999 +999 00 00 L1C EF
G99 99 59548 181400 0780 099 0099 +9999999999 +99999       +1519   -450   25 999 9999 +999 9999 +999 00 00 L1C DF
G99 99 59548 183000 0780 099 0099 +9999999999 +99999       +1512   +192   16 999 9999 +999 9999 +999 00 00 L1C D7
G99 99 59548 184600 0780 099 0099 +9999999999 +99999       +1513   +385   21 999 9999 +999 9999 +999 00 00 L1C DF
G99 99 59548 190200 0780 099 0099 +9999999999 +99999       +1519   -190   19 999 9999 +999 9999 +999 00 00 L1C E1
G99 99 59548 191800 0780 099 0099 +9999999999 +99999       +1532   -333   21 999 9999 +999 9999 +999 00 00 L1C DB
G99 99 59548 193400 0780 099 0099 +9999999999 +99999       +1540   +212   22 999 9999 +999 9999 +999 00 00 L1C D3
G99 99 59548 195000 0780 099 0099 +9999999999 +99999       +1536     +0   21 999 9999 +999 9999 +999 00 00 L1C B0
G99 99 59548 200600 0780 099 0099 +9999999999 +99999       +1545    +21   23 999 9999 +999 9999 +999 00 00 L1C BE
G99 99 59548 202200 0780 099 0099 +9999999999 +99999       +1522   -594   19 999 9999 +999 9999 +999 00 00 L1C DD
G99 99 59548 203800 0780 099 0099 +9999999999 +99999       +1520   +113   22 999 9999 +999 9999 +999 00 00 L1C CD
G99 99 59548 205400 0780 099 0099 +9999999999 +99999       +1541   +471   25 999 9999 +999 9999 +999 00 00 L1C D8
G99 99 59548 211000 0780 099 0099 +9999999999 +99999       +1546   -314   25 999 9999 +999 9999 +999 00 00 L1C D4
G99 99 59548 212600 0780 099 0099 +9999999999 +99999       +1549    +18   27 999 9999 +999 9999 +999 00 00 L1C CF
G99 99 59548 214200 0780 099 0099 +9999999999 +99999       +1539   -497   28 999 9999 +999 9999 +999 00 00 L1C EA
G99 99 59548 215800 0780 099 0099 +9999999999 +99999       +1518   +585   21 999 9999 +999 9999 +999 00 00 L1C E3
G99 99 59548 221400 0780 099 0099 +9999999999 +99999       +1514   -580   20 999 9999 +999 9999 +999 00 00 L1C D4
G99 99 59548 223000 0780 099 0099 +9999999999 +99999       +1526   -610   20 999 9999 +999 9999 +999 00 00 L1C CF
G99 99 59548 224600 0780 099 0099 +9999999999 +99999       +1505   -330   21 999 9999 +999 9999 +999 00 00 L1C D3
G99 99 59548 230200 0780 099 0099 +9999999999 +99999       +1522   +967   25 999 9999 +999 9999 +999 00 00 L1C DD
G99 99 59548 231800 0780 099 0099 +9999999999 +99999       +1545   -453   24 999 9999 +999 9999 +999 00 00 L1C E0
G99 99 59548 233400 0780 099 0099 +9999999999 +99999       +1537   -646   30 999 9999 +999 9999 +999 00 00 L1C E0
G99 99 59548 235000 0780 099 0099 +9999999999 +99999       +1527   -123   20 999 9999 +999 9999 +999 00 00 L1C D2
