CGGTTS GENERIC DATA FORMAT VERSION = 2E
REV DATE = 2014-02-20
RCVR = GORGYTIMING SYREF25 18259999 2018 v00
CH = 12
IMS = 99999
LAB = SY82
X = +4314139.400 m
Y =  +452633.263 m
Z = +4660704.855 m
FRAME = ITRF
COMMENTS = NO COMMENTS
SYS DLY = 000.0 ns (GPS C1)     CAL_ID = NA
CAB DLY = 000.0 ns
REF DLY = 000.0 ns
REF = REF(SY82)
CKSUM = D1

SAT CL  MJD  STTIME TRKL ELV AZTH   REFSV      SRSV     REFSYS    SRSYS  DSG IOE MDTR SMDT MDIO SMDI FR HC FRC CK
             hhmmss s   .1dg .1dg    .1ns     .1ps/s     .1ns    .1ps/s .1ns     .1ns.1ps/s.1ns.1ps/s
G99 99 59510 000200 0780 099 0099 +9999999999 +99999 +9999989705    -85   26 999 9999 +999 9999 +999 00 00 L1C 57
G99 99 59510 001800 0780 099 0099 +9999999999 +99999 +9999989680    -29   28 999 9999 +999 9999 +999 00 00 L1C 60
G99 99 59510 003400 0780 099 0099 +9999999999 +99999 +9999989690   +177   24 999 9999 +999 9999 +999 00 00 L1C 6D
G99 99 59510 005000 0780 099 0099 +9999999999 +99999 +9999989677   -150   28 999 9999 +999 9999 +999 00 00 L1C 6D
G99 99 59510 010600 0780 099 0099 +9999999999 +99999 +9999989700   -275   28 999 9999 +999 9999 +999 00 00 L1C 6A
G99 99 59510 012200 0780 099 0099 +9999999999 +99999 +9999989687   -763   27 999 9999 +999 9999 +999 00 00 L1C 77
G99 99 59510 013800 0780 099 0099 +9999999999 +99999 +9999989690   +553   25 999 9999 +999 9999 +999 00 00 L1C 71
G99 99 59510 015400 0780 099 0099 +9999999999 +99999 +9999989681    -99   33 999 9999 +999 9999 +999 00 00 L1C 65
G99 99 59510 021000 0780 099 0099 +9999999999 +99999 +9999989688   +194   33 999 9999 +999 9999 +999 00 00 L1C 6F
G99 99 59510 022600 0780 099 0099 +9999999999 +99999 +9999989693   -168   25 999 9999 +999 9999 +999 00 00 L1C 76
G99 99 59510 024200 0780 099 0099 +9999999999 +99999 +9999989697   +274   23 999 9999 +999 9999 +999 00 00 L1C 72
G99 99 59510 025800 0780 099 0099 +9999999999 +99999 +9999989698    -17   22 999 9999 +999 9999 +999 00 00 L1C 66
G99 99 59510 031400 0780 099 0099 +9999999999 +99999 +9999989693   +480   23 999 9999 +999 9999 +999 00 00 L1C 6D
G99 99 59510 033000 0780 099 0099 +9999999999 +99999 +9999989688   -423   25 999 9999 +999 9999 +999 00 00 L1C 70
G99 99 59510 034600 0780 099 0099 +9999999999 +99999 +9999989683   +518   27 999 9999 +999 9999 +999 00 00 L1C 77
G99 99 59510 040200 0780 099 0099 +9999999999 +99999 +9999989697    -28   27 999 9999 +999 9999 +999 00 00 L1C 63
G99 99 59510 041800 0780 099 0099 +9999999999 +99999 +9999989693   -228   27 999 9999 +999 9999 +999 00 00 L1C 78
G99 99 59510 043400 0780 099 0099 +9999999999 +99999 +9999989692   -495   24 999 9999 +999 9999 +999 00 00 L1C 78
G99 99 59510 045000 0780 099 0099 +9999999999 +99999 +9999989673   -292   25 999 9999 +999 9999 +999 00 00 L1C 71
G99 99 59510 050600 0780 099 0099 +9999999999 +99999 +9999989700    +71   27 999 9999 +999 9999 +999 00 00 L1C 55
G99 99 59510 052200 0780 099 0099 +9999999999 +99999 +9999989701   +155   28 999 9999 +999 9999 +999 00 00 L1C 68
G99 99 59510 053800 0780 099 0099 +9999999999 +99999 +9999989716    -78   26 999 9999 +999 9999 +999 00 00 L1C 69
G99 99 59510 055400 0780 099 0099 +9999999999 +99999 +9999989714   +918   28 999 9999 +999 9999 +999 00 00 L1C 78
G99 99 59510 061000 0780 099 0099 +9999999999 +99999 +9999989706    -24   21 999 9999 +999 9999 +999 00 00 L1C 51
G99 99 59510 062600 0780 099 0099 +9999999999 +99999 +9999989711   +108   26 999 9999 +999 9999 +999 00 00 L1C 6A
G99 99 59510 064200 0780 099 0099 +9999999999 +99999 +9999989704   +333   22 999 9999 +999 9999 +999 00 00 L1C 66
G99 99 59510 065800 0780 099 0099 +9999999999 +99999 +9999989693    +94   25 999 9999 +999 9999 +999 00 00 L1C 6B
G99 99 59510 071400 0780 099 0099 +9999999999 +99999 +9999989686   -697   34 999 9999 +999 9999 +999 00 00 L1C 81
G99 99 59510 073000 0780 099 0099 +9999999999 +99999 +9999989705   +474   26 999 9999 +999 9999 +999 00 00 L1C 6F
G99 99 59510 074600 0780 099 0099 +9999999999 +99999 +9999989691    -84   24 999 9999 +999 9999 +999 00 00 L1C 67
G99 99 59510 080200 0780 099 0099 +9999999999 +99999 +9999989719   +982   32 999 9999 +999 9999 +999 00 00 L1C 75
G99 99 59510 081800 0780 099 0099 +9999999999 +99999 +9999989710   +506   29 999 9999 +999 9999 +999 00 00 L1C 71
G99 99 59510 083400 0780 099 0099 +9999999999 +99999 +9999989706   -685   30 999 9999 +999 9999 +999 00 00 L1C 76
G99 99 59510 085000 0780 099 0099 +9999999999 +99999 +9999989707   -529   28 999 9999 +999 9999 +999 00 00 L1C 79
G99 99 59510 090600 0780 099 0099 +9999999999 +99999 +9999989714     -8   20 999 9999 +999 9999 +999 00 00 L1C 49
G99 99 59510 092200 0780 099 0099 +9999999999 +99999 +9999989706    +66   19 999 9999 +999 9999 +999 00 00 L1C 62
G99 99 59510 093800 0780 099 0099 +9999999999 +99999 +9999989696   -606   27 999 9999 +999 9999 +999 00 00 L1C 82
G99 99 59510 095400 0780 099 0099 +9999999999 +99999 +9999989704   +478   26 999 9999 +999 9999 +999 00 00 L1C 7A
G99 99 59510 101000 0780 099 0099 +9999999999 +99999 +9999989717   +117   20 999 9999 +999 9999 +999 00 00 L1C 5E
G99 99 59510 102600 0780 099 0099 +9999999999 +99999 +9999989693   -232   28 999 9999 +999 9999 +999 00 00 L1C 70
G99 99 59510 104200 0780 099 0099 +9999999999 +99999 +9999989684   +805   27 999 9999 +999 9999 +999 00 00 L1C 71
G99 99 59510 105800 0780 099 0099 +9999999999 +99999 +9999989694   -744   33 999 9999 +999 9999 +999 00 00 L1C 7A
G99 99 59510 111400 0780 099 0099 +9999999999 +99999 +9999989677    -89   23 999 9999 +999 9999 +999 00 00 L1C 65
G99 99 59510 113000 0780 099 0099 +9999999999 +99999 +9999989686   +489   27 999 9999 +999 9999 +999 00 00 L1C 79
G99 99 59510 114600 0780 099 0099 +9999999999 +99999 +9999989695   +355   24 999 9999 +999 9999 +999 00 00 L1C 75
G99 99 59510 120200 0780 099 0099 +9999999999 +99999 +9999989707    -52   17 999 9999 +999 9999 +999 00 00 L1C 56
G99 99 59510 123000 0780 099 0099 +9999999999 +99999 +9999989679   -266   29 999 9999 +999 9999 +999 00 00 L1C 79
G99 99 59510 124600 0780 099 0099 +9999999999 +99999 +9999989684   +326   24 999 9999 +999 9999 +999 00 00 L1C 72
G99 99 59510 130200 0780 099 0099 +9999999999 +99999 +9999989670   -522   22 999 9999 +999 9999 +999 00 00 L1C 64
G99 99 59510 131800 0780 099 0099 +9999999999 +99999 +9999989660   -324   24 999 9999 +999 9999 +999 00 00 L1C 6C
G99 99 59510 133400 0780 099 0099 +9999999999 +99999 +9999989653   +441   28 999 9999 +999 9999 +999 00 00 L1C 6E
G99 99 59510 135000 0780 099 0099 +9999999999 +99999 +9999989661   -215   22 999 9999 +999 9999 +999 00 00 L1C 66
G99 99 59510 140600 0780 099 0099 +9999999999 +99999 +9999989653   +764   32 999 9999 +999 9999 +999 00 00 L1C 71
G99 99 59510 142200 0780 099 0099 +9999999999 +99999 +9999989656   -547   27 999 9999 +999 9999 +999 00 00 L1C 77
G99 99 59510 143800 0780 099 0099 +9999999999 +99999 +9999989660   -112   26 999 9999 +999 9999 +999 00 00 L1C 6C
G99 99 59510 145400 0780 099 0099 +9999999999 +99999 +9999989656   +866   28 999 9999 +999 9999 +999 00 00 L1C 7F
G99 99 59510 151000 0780 099 0099 +9999999999 +99999 +9999989646   -542   23 999 9999 +999 9999 +999 00 00 L1C 6B
G99 99 59510 152600 0780 099 0099 +9999999999 +99999 +9999989639   -279   20 999 9999 +999 9999 +999 00 00 L1C 78
G99 99 59510 154200 0780 099 0099 +9999999999 +99999 +9999989630    -40   24 999 9999 +999 9999 +999 00 00 L1C 53
G99 99 59510 155800 0780 099 0099 +9999999999 +99999 +9999989636   +339   28 999 9999 +999 9999 +999 00 00 L1C 7D
G99 99 59510 163000 0780 099 0099 +9999999999 +99999 +9999989637   -209   24 999 9999 +999 9999 +999 00 00 L1C 6F
G99 99 59510 164600 0780 099 0099 +9999999999 +99999 +9999989623   +191   30 999 9999 +999 9999 +999 00 00 L1C 6C
G99 99 59510 170200 0780 099 0099 +9999999999 +99999 +9999989621   -167   28 999 9999 +999 9999 +999 00 00 L1C 6F
G99 99 59510 171800 0780 099 0099 +9999999999 +99999 +9999989630   +133   20 999 9999 +999 9999 +999 00 00 L1C 65
G99 99 59510 173400 0780 099 0099 +9999999999 +99999 +9999989617   +993   25 999 9999 +999 9999 +999 00 00 L1C 7B
G99 99 59510 175000 0780 099 0099 +9999999999 +99999 +9999989620   -377   27 999 9999 +999 9999 +999 00 00 L1C 73
G99 99 59510 180600 0780 099 0099 +9999999999 +99999 +9999989608   +413   30 999 9999 +999 9999 +999 00 00 L1C 6A
G99 99 59510 182200 0780 099 0099 +9999999999 +99999 +9999989608   -155   21 999 9999 +999 9999 +999 00 00 L1C 6D
G99 99 59510 183800 0780 099 0099 +9999999999 +99999 +9999989604   -104   19 999 9999 +999 9999 +999 00 00 L1C 71
G99 99 59510 185400 0780 099 0099 +9999999999 +99999 +9999989606    +63   25 999 9999 +999 9999 +999 00 00 L1C 60
G99 99 59510 191000 0780 099 0099 +9999999999 +99999 +9999989616   -424   34 999 9999 +999 9999 +999 00 00 L1C 6D
G99 99 59510 192600 0780 099 0099 +9999999999 +99999 +9999989607    -77   25 999 9999 +999 9999 +999 00 00 L1C 68
G99 99 59510 194200 0780 099 0099 +9999999999 +99999 +9999989596   -723   31 999 9999 +999 9999 +999 00 00 L1C 78
G99 99 59510 195800 0780 099 0099 +9999999999 +99999 +9999989592   +771   30 999 9999 +999 9999 +999 00 00 L1C 7B
G99 99 59510 201400 0780 099 0099 +9999999999 +99999 +9999989589  +1223   27 999 9999 +999 9999 +999 00 00 L1C 80
G99 99 59510 203000 0780 099 0099 +9999999999 +99999 +9999989592   -319   26 999 9999 +999 9999 +999 00 00 L1C 6E
G99 99 59510 204600 0780 099 0099 +9999999999 +99999 +9999989599   -136   25 999 9999 +999 9999 +999 00 00 L1C 78
G99 99 59510 210200 0780 099 0099 +9999999999 +99999 +9999989578   +123   28 999 9999 +999 9999 +999 00 00 L1C 6B
G99 99 59510 211800 0780 099 0099 +9999999999 +99999 +9999989588   +291   20 999 9999 +999 9999 +999 00 00 L1C 71
G99 99 59510 213400 0780 099 0099 +9999999999 +99999 +9999989581   -461   21 999 9999 +999 9999 +999 00 00 L1C 6A
G99 99 59510 215000 0780 099 0099 +9999999999 +99999 +9999989582   -382   26 999 9999 +999 9999 +999 00 00 L1C 70
G99 99 59510 220600 0780 099 0099 +9999999999 +99999 +9999989579    -86   28 999 9999 +999 9999 +999 00 00 L1C 6B
G99 99 59510 222200 0780 099 0099 +9999999999 +99999 +9999989595   -773   33 999 9999 +999 9999 +999 00 00 L1C 76
G99 99 59510 223800 0780 099 0099 +9999999999 +99999 +9999989594   +110   23 999 9999 +999 9999 +999 00 00 L1C 6A
G99 99 59510 225400 0780 099 0099 +9999999999 +99999 +9999989584   +181   23 999 9999 +999 9999 +999 00 00 L1C 6F
G99 99 59510 231000 0780 099 0099 +9999999999 +99999 +9999989589   +206   22 999 9999 +999 9999 +999 00 00 L1C 6A
G99 99 59510 232600 0780 099 0099 +9999999999 +99999 +9999989609   +485   33 999 9999 +999 9999 +999 00 00 L1C 75
