CGGTTS GENERIC DATA FORMAT VERSION = 2E
REV DATE = 2014-02-20
RCVR = GORGYTIMING SYREF25 18259999 2018 v00
CH = 12
IMS = 99999
LAB = SY82
X = +4314143.808 m
Y =  +452633.302 m
Z = +4660711.557 m
FRAME = ITRF
COMMENTS = NO COMMENTS
SYS DLY = 000.0 ns (GPS C1)     CAL_ID = NA
CAB DLY = 000.0 ns
REF DLY = 000.0 ns
REF = REF(SY82)
CKSUM = CF

SAT CL  MJD  STTIME TRKL ELV AZTH   REFSV      SRSV     REFSYS    SRSYS  DSG IOE MDTR SMDT MDIO SMDI FR HC FRC CK
             hhmmss s   .1dg .1dg    .1ns     .1ps/s     .1ns    .1ps/s .1ns     .1ns.1ps/s.1ns.1ps/s
G99 99 59541 000600 0780 099 0099 +9999999999 +99999       +1299  -1036   30 999 9999 +999 9999 +999 00 00 L1C E2
G99 99 59541 002200 0780 099 0099 +9999999999 +99999       +1290   -272   24 999 9999 +999 9999 +999 00 00 L1C CB
G99 99 59541 003800 0780 099 0099 +9999999999 +99999       +1273   -303   20 999 9999 +999 9999 +999 00 00 L1C CA
G99 99 59541 005400 0780 099 0099 +9999999999 +99999       +1302   -433   18 999 9999 +999 9999 +999 00 00 L1C CC
G99 99 59541 011000 0780 099 0099 +9999999999 +99999       +1274   +699   23 999 9999 +999 9999 +999 00 00 L1C D5
G99 99 59541 012600 0780 099 0099 +9999999999 +99999       +1272    -70   26 999 9999 +999 9999 +999 00 00 L1C BE
G99 99 59541 014200 0780 099 0099 +9999999999 +99999       +1294  +1250   31 999 9999 +999 9999 +999 00 00 L1C DB
G99 99 59541 015800 0780 099 0099 +9999999999 +99999       +1304   -293   23 999 9999 +999 9999 +999 00 00 L1C D3
G99 99 59541 021400 0780 099 0099 +9999999999 +99999       +1291   -174   25 999 9999 +999 9999 +999 00 00 L1C D1
G99 99 59541 023000 0780 099 0099 +9999999999 +99999       +1293   -528   29 999 9999 +999 9999 +999 00 00 L1C D8
G99 99 59541 024600 0780 099 0099 +9999999999 +99999       +1268   +221   28 999 9999 +999 9999 +999 00 00 L1C D4
G99 99 59541 030200 0780 099 0099 +9999999999 +99999       +1281   +218   24 999 9999 +999 9999 +999 00 00 L1C CA
G99 99 59541 031800 0780 099 0099 +9999999999 +99999       +1279   -243   20 999 9999 +999 9999 +999 00 00 L1C D4
G99 99 59541 033400 0780 099 0099 +9999999999 +99999       +1279   +130   24 999 9999 +999 9999 +999 00 00 L1C CF
G99 99 59541 035000 0780 099 0099 +9999999999 +99999       +1272   +532   21 999 9999 +999 9999 +999 00 00 L1C C9
G99 99 59541 040600 0780 099 0099 +9999999999 +99999       +1239   -115   24 999 9999 +999 9999 +999 00 00 L1C D0
G99 99 59541 042200 0780 099 0099 +9999999999 +99999       +1262   -112   19 999 9999 +999 9999 +999 00 00 L1C CB
G99 99 59541 043800 0780 099 0099 +9999999999 +99999       +1287   +356   22 999 9999 +999 9999 +999 00 00 L1C DB
G99 99 59541 045400 0780 099 0099 +9999999999 +99999       +1273   -154   17 999 9999 +999 9999 +999 00 00 L1C D6
G99 99 59541 051000 0780 099 0099 +9999999999 +99999       +1277   -789   29 999 9999 +999 9999 +999 00 00 L1C E4
G99 99 59541 052600 0780 099 0099 +9999999999 +99999       +1275   +269   18 999 9999 +999 9999 +999 00 00 L1C DE
G99 99 59541 054200 0780 099 0099 +9999999999 +99999       +1292   +146   19 999 9999 +999 9999 +999 00 00 L1C D6
G99 99 59541 055800 0780 099 0099 +9999999999 +99999       +1298   +112   28 999 9999 +999 9999 +999 00 00 L1C DC
G99 99 59541 061400 0780 099 0099 +9999999999 +99999       +1300    +95   17 999 9999 +999 9999 +999 00 00 L1C BD
G99 99 59541 063000 0780 099 0099 +9999999999 +99999       +1304   -332   25 999 9999 +999 9999 +999 00 00 L1C CA
G99 99 59541 064600 0780 099 0099 +9999999999 +99999       +1288   -730   25 999 9999 +999 9999 +999 00 00 L1C DE
G99 99 59541 070200 0780 099 0099 +9999999999 +99999       +1272    +81   20 999 9999 +999 9999 +999 00 00 L1C B8
G99 99 59541 071800 0780 099 0099 +9999999999 +99999       +1264    +74   18 999 9999 +999 9999 +999 00 00 L1C C9
G99 99 59541 073400 0780 099 0099 +9999999999 +99999       +1280   -250   23 999 9999 +999 9999 +999 00 00 L1C CF
G99 99 59541 075000 0780 099 0099 +9999999999 +99999       +1274   +442   25 999 9999 +999 9999 +999 00 00 L1C D3
G99 99 59541 080600 0780 099 0099 +9999999999 +99999       +1277   +676   18 999 9999 +999 9999 +999 00 00 L1C E3
G99 99 59541 082200 0780 099 0099 +9999999999 +99999       +1286   +351   27 999 9999 +999 9999 +999 00 00 L1C D7
G99 99 59541 083800 0780 099 0099 +9999999999 +99999       +1305   +987   32 999 9999 +999 9999 +999 00 00 L1C E1
G99 99 59541 085400 0780 099 0099 +9999999999 +99999       +1285   -902   29 999 9999 +999 9999 +999 00 00 L1C E1
G99 99 59541 091000 0780 099 0099 +9999999999 +99999       +1259   -268   21 999 9999 +999 9999 +999 00 00 L1C D8
G99 99 59541 092600 0780 099 0099 +9999999999 +99999       +1271   +242   27 999 9999 +999 9999 +999 00 00 L1C D5
G99 99 59541 094200 0780 099 0099 +9999999999 +99999       +1274    +37   20 999 9999 +999 9999 +999 00 00 L1C C1
G99 99 59541 095800 0780 099 0099 +9999999999 +99999       +1263   +421   22 999 9999 +999 9999 +999 00 00 L1C D5
G99 99 59541 102600 0780 099 0099 +9999999999 +99999       +1251   -466   26 999 9999 +999 9999 +999 00 00 L1C D4
G99 99 59541 104200 0780 099 0099 +9999999999 +99999       +1262   +396   25 999 9999 +999 9999 +999 00 00 L1C D3
G99 99 59541 105800 0780 099 0099 +9999999999 +99999       +1244   -865   29 999 9999 +999 9999 +999 00 00 L1C E1
G99 99 59541 111400 0780 099 0099 +9999999999 +99999       +1246   +225   20 999 9999 +999 9999 +999 00 00 L1C C7
G99 99 59541 113000 0780 099 0099 +9999999999 +99999       +1234   +161   21 999 9999 +999 9999 +999 00 00 L1C C2
G99 99 59541 114600 0780 099 0099 +9999999999 +99999       +1246     +6   18 999 9999 +999 9999 +999 00 00 L1C B0
G99 99 59541 120200 0780 099 0099 +9999999999 +99999       +1240   -511   24 999 9999 +999 9999 +999 00 00 L1C C3
G99 99 59541 121800 0780 099 0099 +9999999999 +99999       +1240    +24   21 999 9999 +999 9999 +999 00 00 L1C B4
G99 99 59541 123400 0780 099 0099 +9999999999 +99999       +1237   +130   19 999 9999 +999 9999 +999 00 00 L1C CD
G99 99 59541 125000 0780 099 0099 +9999999999 +99999       +1239   +102   20 999 9999 +999 9999 +999 00 00 L1C C4
G99 99 59541 130600 0780 099 0099 +9999999999 +99999       +1207   -149   20 999 9999 +999 9999 +999 00 00 L1C CE
G99 99 59541 132200 0780 099 0099 +9999999999 +99999       +1209   +346   23 999 9999 +999 9999 +999 00 00 L1C CE
G99 99 59541 133800 0780 099 0099 +9999999999 +99999       +1205   +828   25 999 9999 +999 9999 +999 00 00 L1C D8
G99 99 59541 135400 0780 099 0099 +9999999999 +99999       +1224   +108   31 999 9999 +999 9999 +999 00 00 L1C CB
G99 99 59541 142600 0780 099 0099 +9999999999 +99999       +1172   -978   28 999 9999 +999 9999 +999 00 00 L1C E4
G99 99 59541 144200 0780 099 0099 +9999999999 +99999       +1152   -255   28 999 9999 +999 9999 +999 00 00 L1C D4
G99 99 59541 145800 0780 099 0099 +9999999999 +99999       +1161    -34   25 999 9999 +999 9999 +999 00 00 L1C C3
G99 99 59541 151400 0780 099 0099 +9999999999 +99999       +1181   -962   27 999 9999 +999 9999 +999 00 00 L1C DA
G99 99 59541 153000 0780 099 0099 +9999999999 +99999       +1155   -619   28 999 9999 +999 9999 +999 00 00 L1C D9
G99 99 59541 154600 0780 099 0099 +9999999999 +99999       +1147   -773   25 999 9999 +999 9999 +999 00 00 L1C DF
G99 99 59541 160200 0780 099 0099 +9999999999 +99999       +1122   +148   24 999 9999 +999 9999 +999 00 00 L1C CA
G99 99 59541 161800 0780 099 0099 +9999999999 +99999       +1140   -239   23 999 9999 +999 9999 +999 00 00 L1C D3
G99 99 59541 163400 0780 099 0099 +9999999999 +99999       +1135   +479   23 999 9999 +999 9999 +999 00 00 L1C D9
G99 99 59541 165000 0780 099 0099 +9999999999 +99999       +1161   +549   23 999 9999 +999 9999 +999 00 00 L1C D4
G99 99 59541 170600 0780 099 0099 +9999999999 +99999       +1158   -468   30 999 9999 +999 9999 +999 00 00 L1C DC
G99 99 59541 172200 0780 099 0099 +9999999999 +99999       +1176   -337   24 999 9999 +999 9999 +999 00 00 L1C D8
G99 99 59541 173800 0780 099 0099 +9999999999 +99999       +1190   +404   32 999 9999 +999 9999 +999 00 00 L1C D3
G99 99 59541 175400 0780 099 0099 +9999999999 +99999       +1202   +374   19 999 9999 +999 9999 +999 00 00 L1C D6
G99 99 59541 181000 0780 099 0099 +9999999999 +99999       +1204   +714   25 999 9999 +999 9999 +999 00 00 L1C CC
G99 99 59541 182600 0780 099 0099 +9999999999 +99999       +1199  -1613   34 999 9999 +999 9999 +999 00 00 L1C F1
G99 99 59541 184200 0780 099 0099 +9999999999 +99999       +1186   +121   25 999 9999 +999 9999 +999 00 00 L1C D2
G99 99 59541 185800 0780 099 0099 +9999999999 +99999       +1174   -436   22 999 9999 +999 9999 +999 00 00 L1C DE
G99 99 59541 191400 0780 099 0099 +9999999999 +99999       +1165    -58   25 999 9999 +999 9999 +999 00 00 L1C CA
G99 99 59541 193000 0780 099 0099 +9999999999 +99999       +1158   -778   24 999 9999 +999 9999 +999 00 00 L1C E2
G99 99 59541 194600 0780 099 0099 +9999999999 +99999       +1164   +250   20 999 9999 +999 9999 +999 00 00 L1C D1
G99 99 59541 200200 0780 099 0099 +9999999999 +99999       +1172    +32   23 999 9999 +999 9999 +999 00 00 L1C B1
G99 99 59541 201800 0780 099 0099 +9999999999 +99999       +1167   +112   28 999 9999 +999 9999 +999 00 00 L1C D0
G99 99 59541 203400 0780 099 0099 +9999999999 +99999       +1172   +283   31 999 9999 +999 9999 +999 00 00 L1C CD
G99 99 59541 205000 0780 099 0099 +9999999999 +99999       +1149  -1071   30 999 9999 +999 9999 +999 00 00 L1C DC
G99 99 59541 210600 0780 099 0099 +9999999999 +99999       +1144   +669   26 999 9999 +999 9999 +999 00 00 L1C D8
G99 99 59541 212200 0780 099 0099 +9999999999 +99999       +1172   +239   28 999 9999 +999 9999 +999 00 00 L1C D2
G99 99 59541 213800 0780 099 0099 +9999999999 +99999       +1172   -530   30 999 9999 +999 9999 +999 00 00 L1C CE
G99 99 59541 215400 0780 099 0099 +9999999999 +99999       +1165   -201   35 999 9999 +999 9999 +999 00 00 L1C CE
G99 99 59541 221000 0780 099 0099 +9999999999 +99999       +1157   +734   29 999 9999 +999 9999 +999 00 00 L1C D4
G99 99 59541 222600 0780 099 0099 +9999999999 +99999       +1140   -300   27 999 9999 +999 9999 +999 00 00 L1C C8
G99 99 59541 224200 0780 099 0099 +9999999999 +99999       +1156   -262   21 999 9999 +999 9999 +999 00 00 L1C CE
G99 99 59541 225800 0780 099 0099 +9999999999 +99999       +1149   -162   17 999 9999 +999 9999 +999 00 00 L1C DB
G99 99 59541 231400 0780 099 0099 +9999999999 +99999       +1139   +354   31 999 9999 +999 9999 +999 00 00 L1C D0
G99 99 59541 233000 0780 099 0099 +9999999999 +99999       +1158    -14   27 999 9999 +999 9999 +999 00 00 L1C BF
G99 99 59541 234600 0780 099 0099 +9999999999 +99999       +1193   +119   28 999 9999 +999 9999 +999 00 00 L1C DA
