CGGTTS GENERIC DATA FORMAT VERSION = 2E
REV DATE = 2014-02-20
RCVR = GORGYTIMING SYREF25 18259999 2018 v00
CH = 12
IMS = 99999
LAB = SY82
X = +4314143.824 m
Y =  +452633.241 m
Z = +4660711.385 m
FRAME = ITRF
COMMENTS = NO COMMENTS
SYS DLY = 000.0 ns (GPS C1)     CAL_ID = NA
CAB DLY = 000.0 ns
REF DLY = 000.0 ns
REF = REF(SY82)
CKSUM = CE

SAT CL  MJD  STTIME TRKL ELV AZTH   REFSV      SRSV     REFSYS    SRSYS  DSG IOE MDTR SMDT MDIO SMDI FR HC FRC CK
             hhmmss s   .1dg .1dg    .1ns     .1ps/s     .1ns    .1ps/s .1ns     .1ns.1ps/s.1ns.1ps/s
G99 99 59550 000200 0780 099 0099 +9999999999 +99999       +1517   -671   25 999 9999 +999 9999 +999 00 00 L1C CF
G99 99 59550 001800 0780 099 0099 +9999999999 +99999       +1523    -47   22 999 9999 +999 9999 +999 00 00 L1C BD
G99 99 59550 003400 0780 099 0099 +9999999999 +99999       +1514   +127   19 999 9999 +999 9999 +999 00 00 L1C CE
G99 99 59550 005000 0780 099 0099 +9999999999 +99999       +1512   +290   21 999 9999 +999 9999 +999 00 00 L1C C4
G99 99 59550 010600 0780 099 0099 +9999999999 +99999       +1531  +1614   33 999 9999 +999 9999 +999 00 00 L1C DB
G99 99 59550 012200 0780 099 0099 +9999999999 +99999       +1546   +163   28 999 9999 +999 9999 +999 00 00 L1C D1
G99 99 59550 013800 0780 099 0099 +9999999999 +99999       +1543   -721   26 999 9999 +999 9999 +999 00 00 L1C D5
G99 99 59550 015400 0780 099 0099 +9999999999 +99999       +1530   -708   29 999 9999 +999 9999 +999 00 00 L1C D7
G99 99 59550 021000 0780 099 0099 +9999999999 +99999       +1509   -643   23 999 9999 +999 9999 +999 00 00 L1C CE
G99 99 59550 022600 0780 099 0099 +9999999999 +99999       +1522   -750   26 999 9999 +999 9999 +999 00 00 L1C D2
G99 99 59550 024200 0780 099 0099 +9999999999 +99999       +1514    +76   22 999 9999 +999 9999 +999 00 00 L1C BC
G99 99 59550 025800 0780 099 0099 +9999999999 +99999       +1528   -225   24 999 9999 +999 9999 +999 00 00 L1C D8
G99 99 59550 031400 0780 099 0099 +9999999999 +99999       +1523   +283   27 999 9999 +999 9999 +999 00 00 L1C D1
G99 99 59550 033000 0780 099 0099 +9999999999 +99999       +1501   +112   19 999 9999 +999 9999 +999 00 00 L1C C3
G99 99 59550 034600 0780 099 0099 +9999999999 +99999       +1519   +380   23 999 9999 +999 9999 +999 00 00 L1C D5
G99 99 59550 040200 0780 099 0099 +9999999999 +99999       +1540   +349   16 999 9999 +999 9999 +999 00 00 L1C CF
G99 99 59550 041800 0780 099 0099 +9999999999 +99999       +1527   -408   24 999 9999 +999 9999 +999 00 00 L1C D8
G99 99 59550 043400 0780 099 0099 +9999999999 +99999       +1540   -527   27 999 9999 +999 9999 +999 00 00 L1C D6
G99 99 59550 045000 0780 099 0099 +9999999999 +99999       +1540   +405   20 999 9999 +999 9999 +999 00 00 L1C C6
G99 99 59550 050600 0780 099 0099 +9999999999 +99999       +1556   -127   15 999 9999 +999 9999 +999 00 00 L1C D6
G99 99 59550 052200 0780 099 0099 +9999999999 +99999       +1566     -5   17 999 9999 +999 9999 +999 00 00 L1C B2
G99 99 59550 053800 0780 099 0099 +9999999999 +99999       +1564   -317   20 999 9999 +999 9999 +999 00 00 L1C D7
G99 99 59550 055400 0780 099 0099 +9999999999 +99999       +1558   -166   23 999 9999 +999 9999 +999 00 00 L1C DD
G99 99 59550 061000 0780 099 0099 +9999999999 +99999       +1534   -857   24 999 9999 +999 9999 +999 00 00 L1C D8
G99 99 59550 062600 0780 099 0099 +9999999999 +99999       +1527   -225   20 999 9999 +999 9999 +999 00 00 L1C D2
G99 99 59550 064200 0780 099 0099 +9999999999 +99999       +1520   +119   21 999 9999 +999 9999 +999 00 00 L1C CA
G99 99 59550 065800 0780 099 0099 +9999999999 +99999       +1531   -154   23 999 9999 +999 9999 +999 00 00 L1C D6
G99 99 59550 071400 0780 099 0099 +9999999999 +99999       +1524   +938   28 999 9999 +999 9999 +999 00 00 L1C DE
G99 99 59550 073000 0780 099 0099 +9999999999 +99999       +1548   +395   24 999 9999 +999 9999 +999 00 00 L1C DB
G99 99 59550 074600 0780 099 0099 +9999999999 +99999       +1548   +596   23 999 9999 +999 9999 +999 00 00 L1C E4
G99 99 59550 080200 0780 099 0099 +9999999999 +99999       +1586   +533   39 999 9999 +999 9999 +999 00 00 L1C DD
G99 99 59550 081800 0780 099 0099 +9999999999 +99999       +1568  -1143   34 999 9999 +999 9999 +999 00 00 L1C EF
G99 99 59550 083400 0780 099 0099 +9999999999 +99999       +1553   -119   23 999 9999 +999 9999 +999 00 00 L1C D7
G99 99 59550 085000 0780 099 0099 +9999999999 +99999       +1562   +582   31 999 9999 +999 9999 +999 00 00 L1C D6
G99 99 59550 090600 0780 099 0099 +9999999999 +99999       +1581   -390   27 999 9999 +999 9999 +999 00 00 L1C DD
G99 99 59550 092200 0780 099 0099 +9999999999 +99999       +1551   -441   20 999 9999 +999 9999 +999 00 00 L1C CE
G99 99 59550 095000 0780 099 0099 +9999999999 +99999       +1543   -310   30 999 9999 +999 9999 +999 00 00 L1C CC
G99 99 59550 100600 0780 099 0099 +9999999999 +99999       +1563   +376   29 999 9999 +999 9999 +999 00 00 L1C D9
G99 99 59550 102200 0780 099 0099 +9999999999 +99999       +1531    -75   24 999 9999 +999 9999 +999 00 00 L1C BB
G99 99 59550 103800 0780 099 0099 +9999999999 +99999       +1538   -522   29 999 9999 +999 9999 +999 00 00 L1C DB
G99 99 59550 105400 0780 099 0099 +9999999999 +99999       +1527   -798   26 999 9999 +999 9999 +999 00 00 L1C E3
G99 99 59550 111000 0780 099 0099 +9999999999 +99999       +1536   -168   23 999 9999 +999 9999 +999 00 00 L1C D0
G99 99 59550 112600 0780 099 0099 +9999999999 +99999       +1537   +128   25 999 9999 +999 9999 +999 00 00 L1C D4
G99 99 59550 114200 0780 099 0099 +9999999999 +99999       +1548   -202   20 999 9999 +999 9999 +999 00 00 L1C CA
G99 99 59550 115800 0780 099 0099 +9999999999 +99999       +1544   -139   26 999 9999 +999 9999 +999 00 00 L1C DC
G99 99 59550 121400 0780 099 0099 +9999999999 +99999       +1551   -434   27 999 9999 +999 9999 +999 00 00 L1C D2
G99 99 59550 123000 0780 099 0099 +9999999999 +99999       +1517   -101   28 999 9999 +999 9999 +999 00 00 L1C CA
G99 99 59550 124600 0780 099 0099 +9999999999 +99999       +1527   +492   24 999 9999 +999 9999 +999 00 00 L1C D9
G99 99 59550 130200 0780 099 0099 +9999999999 +99999       +1541   +282   28 999 9999 +999 9999 +999 00 00 L1C CF
G99 99 59550 131800 0780 099 0099 +9999999999 +99999       +1536    -37   25 999 9999 +999 9999 +999 00 00 L1C C7
G99 99 59550 135000 0780 099 0099 +9999999999 +99999       +1494   -792   31 999 9999 +999 9999 +999 00 00 L1C DB
G99 99 59550 140600 0780 099 0099 +9999999999 +99999       +1476   +271   23 999 9999 +999 9999 +999 00 00 L1C D4
G99 99 59550 142200 0780 099 0099 +9999999999 +99999       +1494    -98   27 999 9999 +999 9999 +999 00 00 L1C CF
G99 99 59550 143800 0780 099 0099 +9999999999 +99999       +1519   -508   23 999 9999 +999 9999 +999 00 00 L1C DC
G99 99 59550 145400 0780 099 0099 +9999999999 +99999       +1480   -683   27 999 9999 +999 9999 +999 00 00 L1C DF
G99 99 59550 151000 0780 099 0099 +9999999999 +99999       +1485   +122   21 999 9999 +999 9999 +999 00 00 L1C C9
G99 99 59550 152600 0780 099 0099 +9999999999 +99999       +1472   +815   25 999 9999 +999 9999 +999 00 00 L1C D9
G99 99 59550 154200 0780 099 0099 +9999999999 +99999       +1466  -1283   32 999 9999 +999 9999 +999 00 00 L1C EA
G99 99 59550 155800 0780 099 0099 +9999999999 +99999       +1455   +189   26 999 9999 +999 9999 +999 00 00 L1C E4
G99 99 59550 161400 0780 099 0099 +9999999999 +99999       +1483   +725   24 999 9999 +999 9999 +999 00 00 L1C D8
G99 99 59550 163000 0780 099 0099 +9999999999 +99999       +1475   -654   27 999 9999 +999 9999 +999 00 00 L1C DD
G99 99 59550 164600 0780 099 0099 +9999999999 +99999       +1479   +501   32 999 9999 +999 9999 +999 00 00 L1C D9
G99 99 59550 170200 0780 099 0099 +9999999999 +99999       +1504   -110   33 999 9999 +999 9999 +999 00 00 L1C C6
G99 99 59550 171800 0780 099 0099 +9999999999 +99999       +1522   -144   28 999 9999 +999 9999 +999 00 00 L1C D8
G99 99 59550 173400 0780 099 0099 +9999999999 +99999       +1515    +58   25 999 9999 +999 9999 +999 00 00 L1C C7
G99 99 59550 175000 0780 099 0099 +9999999999 +99999       +1519  -1587   34 999 9999 +999 9999 +999 00 00 L1C F3
G99 99 59550 180600 0780 099 0099 +9999999999 +99999       +1510   +382   29 999 9999 +999 9999 +999 00 00 L1C D6
G99 99 59550 182200 0780 099 0099 +9999999999 +99999       +1506   +376   20 999 9999 +999 9999 +999 00 00 L1C D3
G99 99 59550 183800 0780 099 0099 +9999999999 +99999       +1509   +653   23 999 9999 +999 9999 +999 00 00 L1C DE
G99 99 59550 185400 0780 099 0099 +9999999999 +99999       +1507   -241   21 999 9999 +999 9999 +999 00 00 L1C D3
G99 99 59550 191000 0780 099 0099 +9999999999 +99999       +1518   -649   24 999 9999 +999 9999 +999 00 00 L1C DD
G99 99 59550 192600 0780 099 0099 +9999999999 +99999       +1517   +274   20 999 9999 +999 9999 +999 00 00 L1C D7
G99 99 59550 194200 0780 099 0099 +9999999999 +99999       +1513    +82   27 999 9999 +999 9999 +999 00 00 L1C C5
G99 99 59550 195800 0780 099 0099 +9999999999 +99999       +1524   +586   29 999 9999 +999 9999 +999 00 00 L1C E9
G99 99 59550 201400 0780 099 0099 +9999999999 +99999       +1501   -742   30 999 9999 +999 9999 +999 00 00 L1C C8
G99 99 59550 203000 0780 099 0099 +9999999999 +99999       +1490    -28   26 999 9999 +999 9999 +999 00 00 L1C BF
G99 99 59550 204600 0780 099 0099 +9999999999 +99999       +1535   +547   24 999 9999 +999 9999 +999 00 00 L1C D8
G99 99 59550 210200 0780 099 0099 +9999999999 +99999       +1531   -727   32 999 9999 +999 9999 +999 00 00 L1C CE
G99 99 59550 211800 0780 099 0099 +9999999999 +99999       +1527   -378   27 999 9999 +999 9999 +999 00 00 L1C E0
G99 99 59550 213400 0780 099 0099 +9999999999 +99999       +1512   -253   31 999 9999 +999 9999 +999 00 00 L1C CB
G99 99 59550 215000 0780 099 0099 +9999999999 +99999       +1501    -25   26 999 9999 +999 9999 +999 00 00 L1C B8
G99 99 59550 220600 0780 099 0099 +9999999999 +99999       +1504    -61   29 999 9999 +999 9999 +999 00 00 L1C C0
G99 99 59550 222200 0780 099 0099 +9999999999 +99999       +1513   -602   24 999 9999 +999 9999 +999 00 00 L1C CA
G99 99 59550 223800 0780 099 0099 +9999999999 +99999       +1505   -752   29 999 9999 +999 9999 +999 00 00 L1C DD
G99 99 59550 225400 0780 099 0099 +9999999999 +99999       +1502   +492   22 999 9999 +999 9999 +999 00 00 L1C D0
G99 99 59550 231000 0780 099 0099 +9999999999 +99999       +1531   -772   28 999 9999 +999 9999 +999 00 00 L1C D4
G99 99 59550 232600 0780 099 0099 +9999999999 +99999       +1529   -524   29 999 9999 +999 9999 +999 00 00 L1C DE
G99 99 59550 234200 0780 099 0099 +9999999999 +99999       +1512    -47   22 999 9999 +999 9999 +999 00 00 L1C BD
