CGGTTS GENERIC DATA FORMAT VERSION = 2E
REV DATE = 2014-02-20
RCVR = GORGYTIMING SYREF25 18259999 2018 v00
CH = 12
IMS = 99999
LAB = SY82
X = +4314143.824 m
Y =  +452633.241 m
Z = +4660711.385 m
FRAME = ITRF
COMMENTS = NO COMMENTS
SYS DLY = 000.0 ns (GPS C1)     CAL_ID = NA
CAB DLY = 000.0 ns
REF DLY = 000.0 ns
REF = REF(SY82)
CKSUM = CE

SAT CL  MJD  STTIME TRKL ELV AZTH   REFSV      SRSV     REFSYS    SRSYS  DSG IOE MDTR SMDT MDIO SMDI FR HC FRC CK
             hhmmss s   .1dg .1dg    .1ns     .1ps/s     .1ns    .1ps/s .1ns     .1ns.1ps/s.1ns.1ps/s
G99 99 59561 000600 0780 099 0099 +9999999999 +99999       +1539   +428   22 999 9999 +999 9999 +999 00 00 L1C D4
G99 99 59561 002200 0780 099 0099 +9999999999 +99999       +1577   +836   27 999 9999 +999 9999 +999 00 00 L1C DC
G99 99 59561 003800 0780 099 0099 +9999999999 +99999       +1579   -235   27 999 9999 +999 9999 +999 00 00 L1C E0
G99 99 59561 005400 0780 099 0099 +9999999999 +99999       +1580   -509   22 999 9999 +999 9999 +999 00 00 L1C D5
G99 99 59561 011000 0780 099 0099 +9999999999 +99999       +1569    +14   22 999 9999 +999 9999 +999 00 00 L1C BA
G99 99 59561 012600 0780 099 0099 +9999999999 +99999       +1546   -887   27 999 9999 +999 9999 +999 00 00 L1C E5
G99 99 59561 014200 0780 099 0099 +9999999999 +99999       +1556   -767   29 999 9999 +999 9999 +999 00 00 L1C E3
G99 99 59561 015800 0780 099 0099 +9999999999 +99999       +1568   -474   26 999 9999 +999 9999 +999 00 00 L1C E5
G99 99 59561 021400 0780 099 0099 +9999999999 +99999       +1558   -100   25 999 9999 +999 9999 +999 00 00 L1C CE
G99 99 59561 023000 0780 099 0099 +9999999999 +99999       +1547    +39   19 999 9999 +999 9999 +999 00 00 L1C C6
G99 99 59561 024600 0780 099 0099 +9999999999 +99999       +1518   -153   22 999 9999 +999 9999 +999 00 00 L1C D4
G99 99 59561 030200 0780 099 0099 +9999999999 +99999       +1522   +219   20 999 9999 +999 9999 +999 00 00 L1C C7
G99 99 59561 031800 0780 099 0099 +9999999999 +99999       +1541    -29   23 999 9999 +999 9999 +999 00 00 L1C C3
G99 99 59561 033400 0780 099 0099 +9999999999 +99999       +1522   +279   23 999 9999 +999 9999 +999 00 00 L1C D5
G99 99 59561 035000 0780 099 0099 +9999999999 +99999       +1513   -551   24 999 9999 +999 9999 +999 00 00 L1C CF
G99 99 59561 040600 0780 099 0099 +9999999999 +99999       +1527   -244   26 999 9999 +999 9999 +999 00 00 L1C D7
G99 99 59561 042200 0780 099 0099 +9999999999 +99999       +1545   -439   25 999 9999 +999 9999 +999 00 00 L1C DA
G99 99 59561 043800 0780 099 0099 +9999999999 +99999       +1569   +610   27 999 9999 +999 9999 +999 00 00 L1C DE
G99 99 59561 045400 0780 099 0099 +9999999999 +99999       +1563   -472   30 999 9999 +999 9999 +999 00 00 L1C D8
G99 99 59561 051000 0780 099 0099 +9999999999 +99999       +1556   +273   23 999 9999 +999 9999 +999 00 00 L1C D2
G99 99 59561 052600 0780 099 0099 +9999999999 +99999       +1545   -432   23 999 9999 +999 9999 +999 00 00 L1C D6
G99 99 59561 054200 0780 099 0099 +9999999999 +99999       +1534    -47   25 999 9999 +999 9999 +999 00 00 L1C C6
G99 99 59561 055800 0780 099 0099 +9999999999 +99999       +1530     +1   20 999 9999 +999 9999 +999 00 00 L1C A8
G99 99 59561 061400 0780 099 0099 +9999999999 +99999       +1545   +115   23 999 9999 +999 9999 +999 00 00 L1C D0
G99 99 59561 063000 0780 099 0099 +9999999999 +99999       +1534   +549   24 999 9999 +999 9999 +999 00 00 L1C D8
G99 99 59561 064600 0780 099 0099 +9999999999 +99999       +1546   +568   23 999 9999 +999 9999 +999 00 00 L1C E2
G99 99 59561 070200 0780 099 0099 +9999999999 +99999       +1557   -120   24 999 9999 +999 9999 +999 00 00 L1C D0
G99 99 59561 071800 0780 099 0099 +9999999999 +99999       +1578   +581   28 999 9999 +999 9999 +999 00 00 L1C E7
G99 99 59561 073400 0780 099 0099 +9999999999 +99999       +1569   -765   27 999 9999 +999 9999 +999 00 00 L1C EA
G99 99 59561 075000 0780 099 0099 +9999999999 +99999       +1553   -218   26 999 9999 +999 9999 +999 00 00 L1C D9
G99 99 59561 080600 0780 099 0099 +9999999999 +99999       +1560   -493   31 999 9999 +999 9999 +999 00 00 L1C DA
G99 99 59561 082200 0780 099 0099 +9999999999 +99999       +1564    -94   33 999 9999 +999 9999 +999 00 00 L1C CB
G99 99 59561 083800 0780 099 0099 +9999999999 +99999       +1552   -495   20 999 9999 +999 9999 +999 00 00 L1C E0
G99 99 59561 090600 0780 099 0099 +9999999999 +99999       +1546   -123   28 999 9999 +999 9999 +999 00 00 L1C DB
G99 99 59561 092200 0780 099 0099 +9999999999 +99999       +1561     +3   25 999 9999 +999 9999 +999 00 00 L1C AE
G99 99 59561 093800 0780 099 0099 +9999999999 +99999       +1541   +508   37 999 9999 +999 9999 +999 00 00 L1C E0
G99 99 59561 095400 0780 099 0099 +9999999999 +99999       +1564   +147   31 999 9999 +999 9999 +999 00 00 L1C DC
G99 99 59561 101000 0780 099 0099 +9999999999 +99999       +1543    -27   22 999 9999 +999 9999 +999 00 00 L1C B8
G99 99 59561 102600 0780 099 0099 +9999999999 +99999       +1561   -857   30 999 9999 +999 9999 +999 00 00 L1C D9
G99 99 59561 104200 0780 099 0099 +9999999999 +99999       +1546   -437   28 999 9999 +999 9999 +999 00 00 L1C DB
G99 99 59561 105800 0780 099 0099 +9999999999 +99999       +1570    -67   21 999 9999 +999 9999 +999 00 00 L1C C7
G99 99 59561 111400 0780 099 0099 +9999999999 +99999       +1561    +28   21 999 9999 +999 9999 +999 00 00 L1C BB
G99 99 59561 113000 0780 099 0099 +9999999999 +99999       +1548   -578   27 999 9999 +999 9999 +999 00 00 L1C E0
G99 99 59561 114600 0780 099 0099 +9999999999 +99999       +1539   -122   18 999 9999 +999 9999 +999 00 00 L1C D8
G99 99 59561 120200 0780 099 0099 +9999999999 +99999       +1522   -266   20 999 9999 +999 9999 +999 00 00 L1C CB
G99 99 59561 121800 0780 099 0099 +9999999999 +99999       +1546   +575   33 999 9999 +999 9999 +999 00 00 L1C DD
G99 99 59561 123400 0780 099 0099 +9999999999 +99999       +1560   -301   23 999 9999 +999 9999 +999 00 00 L1C CB
G99 99 59561 130600 0780 099 0099 +9999999999 +99999       +1527   -894   29 999 9999 +999 9999 +999 00 00 L1C E5
G99 99 59561 132200 0780 099 0099 +9999999999 +99999       +1516   +243   20 999 9999 +999 9999 +999 00 00 L1C CA
G99 99 59561 133800 0780 099 0099 +9999999999 +99999       +1535   +366   28 999 9999 +999 9999 +999 00 00 L1C E0
G99 99 59561 135400 0780 099 0099 +9999999999 +99999       +1553   -386   27 999 9999 +999 9999 +999 00 00 L1C E1
G99 99 59561 141000 0780 099 0099 +9999999999 +99999       +1520   -174   27 999 9999 +999 9999 +999 00 00 L1C CF
G99 99 59561 142600 0780 099 0099 +9999999999 +99999       +1517   -424   26 999 9999 +999 9999 +999 00 00 L1C D9
G99 99 59561 144200 0780 099 0099 +9999999999 +99999       +1495   +405   26 999 9999 +999 9999 +999 00 00 L1C D9
G99 99 59561 145800 0780 099 0099 +9999999999 +99999       +1496  -1108   27 999 9999 +999 9999 +999 00 00 L1C F5
G99 99 59561 151400 0780 099 0099 +9999999999 +99999       +1491   +129   30 999 9999 +999 9999 +999 00 00 L1C D3
G99 99 59561 153000 0780 099 0099 +9999999999 +99999       +1510   +548   25 999 9999 +999 9999 +999 00 00 L1C D2
G99 99 59561 154600 0780 099 0099 +9999999999 +99999       +1502   -316   29 999 9999 +999 9999 +999 00 00 L1C D9
G99 99 59561 160200 0780 099 0099 +9999999999 +99999       +1505   +568   25 999 9999 +999 9999 +999 00 00 L1C D8
G99 99 59561 161800 0780 099 0099 +9999999999 +99999       +1522   -390   32 999 9999 +999 9999 +999 00 00 L1C D7
G99 99 59561 163400 0780 099 0099 +9999999999 +99999       +1524   -746   30 999 9999 +999 9999 +999 00 00 L1C DA
G99 99 59561 165000 0780 099 0099 +9999999999 +99999       +1524   +543   29 999 9999 +999 9999 +999 00 00 L1C D9
G99 99 59561 170600 0780 099 0099 +9999999999 +99999       +1517  -1449   30 999 9999 +999 9999 +999 00 00 L1C ED
G99 99 59561 172200 0780 099 0099 +9999999999 +99999       +1513    -15   24 999 9999 +999 9999 +999 00 00 L1C BE
G99 99 59561 173800 0780 099 0099 +9999999999 +99999       +1511    -75   20 999 9999 +999 9999 +999 00 00 L1C C5
G99 99 59561 175400 0780 099 0099 +9999999999 +99999       +1520   +393   26 999 9999 +999 9999 +999 00 00 L1C DA
G99 99 59561 181000 0780 099 0099 +9999999999 +99999       +1520    +48   23 999 9999 +999 9999 +999 00 00 L1C BD
G99 99 59561 182600 0780 099 0099 +9999999999 +99999       +1531   +258   24 999 9999 +999 9999 +999 00 00 L1C DA
G99 99 59561 184200 0780 099 0099 +9999999999 +99999       +1531   +438   19 999 9999 +999 9999 +999 00 00 L1C DC
G99 99 59561 185800 0780 099 0099 +9999999999 +99999       +1535   +149   24 999 9999 +999 9999 +999 00 00 L1C E2
G99 99 59561 191400 0780 099 0099 +9999999999 +99999       +1541   +820   35 999 9999 +999 9999 +999 00 00 L1C D6
G99 99 59561 193000 0780 099 0099 +9999999999 +99999       +1530  -1017   31 999 9999 +999 9999 +999 00 00 L1C DF
G99 99 59561 194600 0780 099 0099 +9999999999 +99999       +1508   +787   29 999 9999 +999 9999 +999 00 00 L1C ED
G99 99 59561 200200 0780 099 0099 +9999999999 +99999       +1551   +454   23 999 9999 +999 9999 +999 00 00 L1C CC
G99 99 59561 201800 0780 099 0099 +9999999999 +99999       +1558   -131   32 999 9999 +999 9999 +999 00 00 L1C D4
G99 99 59561 203400 0780 099 0099 +9999999999 +99999       +1554   -516   27 999 9999 +999 9999 +999 00 00 L1C D9
G99 99 59561 205000 0780 099 0099 +9999999999 +99999       +1536    -54   28 999 9999 +999 9999 +999 00 00 L1C C5
G99 99 59561 210600 0780 099 0099 +9999999999 +99999       +1523    -61   25 999 9999 +999 9999 +999 00 00 L1C BE
G99 99 59561 212200 0780 099 0099 +9999999999 +99999       +1533   -642   28 999 9999 +999 9999 +999 00 00 L1C D5
G99 99 59561 213800 0780 099 0099 +9999999999 +99999       +1528  -1047   32 999 9999 +999 9999 +999 00 00 L1C EB
G99 99 59561 215400 0780 099 0099 +9999999999 +99999       +1514   +134   22 999 9999 +999 9999 +999 00 00 L1C CD
G99 99 59561 221000 0780 099 0099 +9999999999 +99999       +1535   +759   32 999 9999 +999 9999 +999 00 00 L1C D7
G99 99 59561 222600 0780 099 0099 +9999999999 +99999       +1550   -289   33 999 9999 +999 9999 +999 00 00 L1C DC
G99 99 59561 224200 0780 099 0099 +9999999999 +99999       +1548    -96   23 999 9999 +999 9999 +999 00 00 L1C CC
G99 99 59561 225800 0780 099 0099 +9999999999 +99999       +1540   -110   23 999 9999 +999 9999 +999 00 00 L1C CE
G99 99 59561 231400 0780 099 0099 +9999999999 +99999       +1536    +60   18 999 9999 +999 9999 +999 00 00 L1C C2
G99 99 59561 233000 0780 099 0099 +9999999999 +99999       +1555   -476   21 999 9999 +999 9999 +999 00 00 L1C D8
G99 99 59561 234600 0780 099 0099 +9999999999 +99999       +1556   +535   26 999 9999 +999 9999 +999 00 00 L1C DF
