CGGTTS GENERIC DATA FORMAT VERSION = 2E
REV DATE = 2014-02-20
RCVR = GORGYTIMING SYREF25 18259999 2018 v00
CH = 12
IMS = 99999
LAB = SY82
X = +4314143.824 m
Y =  +452633.241 m
Z = +4660711.385 m
FRAME = ITRF
COMMENTS = NO COMMENTS
SYS DLY = 000.0 ns (GPS C1)     CAL_ID = NA
CAB DLY = 000.0 ns
REF DLY = 000.0 ns
REF = REF(SY82)
CKSUM = CE

SAT CL  MJD  STTIME TRKL ELV AZTH   REFSV      SRSV     REFSYS    SRSYS  DSG IOE MDTR SMDT MDIO SMDI FR HC FRC CK
             hhmmss s   .1dg .1dg    .1ns     .1ps/s     .1ns    .1ps/s .1ns     .1ns.1ps/s.1ns.1ps/s
G99 99 59564 001000 0780 099 0099 +9999999999 +99999       +1541   +730   29 999 9999 +999 9999 +999 00 00 L1C CE
G99 99 59564 002600 0780 099 0099 +9999999999 +99999       +1547   -348   29 999 9999 +999 9999 +999 00 00 L1C E2
G99 99 59564 004200 0780 099 0099 +9999999999 +99999       +1547   -846   32 999 9999 +999 9999 +999 00 00 L1C DD
G99 99 59564 005800 0780 099 0099 +9999999999 +99999       +1534   +324   29 999 9999 +999 9999 +999 00 00 L1C DB
G99 99 59564 011400 0780 099 0099 +9999999999 +99999       +1517   -182   24 999 9999 +999 9999 +999 00 00 L1C D4
G99 99 59564 013000 0780 099 0099 +9999999999 +99999       +1546   -801   24 999 9999 +999 9999 +999 00 00 L1C D2
G99 99 59564 014600 0780 099 0099 +9999999999 +99999       +1543   -555   24 999 9999 +999 9999 +999 00 00 L1C DC
G99 99 59564 020200 0780 099 0099 +9999999999 +99999       +1542   +117   25 999 9999 +999 9999 +999 00 00 L1C CD
G99 99 59564 021800 0780 099 0099 +9999999999 +99999       +1543   +546   25 999 9999 +999 9999 +999 00 00 L1C DB
G99 99 59564 023400 0780 099 0099 +9999999999 +99999       +1527   -443   27 999 9999 +999 9999 +999 00 00 L1C DB
G99 99 59564 025000 0780 099 0099 +9999999999 +99999       +1554   -134   24 999 9999 +999 9999 +999 00 00 L1C D3
G99 99 59564 030600 0780 099 0099 +9999999999 +99999       +1551   +411   20 999 9999 +999 9999 +999 00 00 L1C CA
G99 99 59564 032200 0780 099 0099 +9999999999 +99999       +1548   +222   23 999 9999 +999 9999 +999 00 00 L1C D1
G99 99 59564 033800 0780 099 0099 +9999999999 +99999       +1534  -1207   29 999 9999 +999 9999 +999 00 00 L1C EF
G99 99 59564 035400 0780 099 0099 +9999999999 +99999       +1540    +29   21 999 9999 +999 9999 +999 00 00 L1C C1
G99 99 59564 041000 0780 099 0099 +9999999999 +99999       +1545   -239   22 999 9999 +999 9999 +999 00 00 L1C D5
G99 99 59564 042600 0780 099 0099 +9999999999 +99999       +1565   +347   19 999 9999 +999 9999 +999 00 00 L1C E2
G99 99 59564 044200 0780 099 0099 +9999999999 +99999       +1570   -865   30 999 9999 +999 9999 +999 00 00 L1C DC
G99 99 59564 045800 0780 099 0099 +9999999999 +99999       +1555    +77   21 999 9999 +999 9999 +999 00 00 L1C CF
G99 99 59564 051400 0780 099 0099 +9999999999 +99999       +1540   -198   24 999 9999 +999 9999 +999 00 00 L1C DB
G99 99 59564 053000 0780 099 0099 +9999999999 +99999       +1542   +209   23 999 9999 +999 9999 +999 00 00 L1C D1
G99 99 59564 054600 0780 099 0099 +9999999999 +99999       +1534   -361   19 999 9999 +999 9999 +999 00 00 L1C DF
G99 99 59564 060200 0780 099 0099 +9999999999 +99999       +1549    -30   26 999 9999 +999 9999 +999 00 00 L1C C5
G99 99 59564 061800 0780 099 0099 +9999999999 +99999       +1538   +549   24 999 9999 +999 9999 +999 00 00 L1C E5
G99 99 59564 063400 0780 099 0099 +9999999999 +99999       +1551   +724   25 999 9999 +999 9999 +999 00 00 L1C DA
G99 99 59564 065000 0780 099 0099 +9999999999 +99999       +1565   -129   23 999 9999 +999 9999 +999 00 00 L1C DC
G99 99 59564 070600 0780 099 0099 +9999999999 +99999       +1586   +639   29 999 9999 +999 9999 +999 00 00 L1C EB
G99 99 59564 072200 0780 099 0099 +9999999999 +99999       +1554   -589   25 999 9999 +999 9999 +999 00 00 L1C E6
G99 99 59564 073800 0780 099 0099 +9999999999 +99999       +1545   +295   26 999 9999 +999 9999 +999 00 00 L1C E6
G99 99 59564 075400 0780 099 0099 +9999999999 +99999       +1555    +82   27 999 9999 +999 9999 +999 00 00 L1C D0
G99 99 59564 081000 0780 099 0099 +9999999999 +99999       +1579    -13   29 999 9999 +999 9999 +999 00 00 L1C CD
G99 99 59564 082600 0780 099 0099 +9999999999 +99999       +1566   +213   28 999 9999 +999 9999 +999 00 00 L1C DF
G99 99 59564 085400 0780 099 0099 +9999999999 +99999       +1557   -349   27 999 9999 +999 9999 +999 00 00 L1C EB
G99 99 59564 091000 0780 099 0099 +9999999999 +99999       +1564   -221   21 999 9999 +999 9999 +999 00 00 L1C D1
G99 99 59564 092600 0780 099 0099 +9999999999 +99999       +1556   +195   31 999 9999 +999 9999 +999 00 00 L1C E2
G99 99 59564 094200 0780 099 0099 +9999999999 +99999       +1559   -605   25 999 9999 +999 9999 +999 00 00 L1C E4
G99 99 59564 095800 0780 099 0099 +9999999999 +99999       +1547   +244   21 999 9999 +999 9999 +999 00 00 L1C E1
G99 99 59564 101400 0780 099 0099 +9999999999 +99999       +1556   -842   29 999 9999 +999 9999 +999 00 00 L1C DF
G99 99 59564 103000 0780 099 0099 +9999999999 +99999       +1546  -1300   30 999 9999 +999 9999 +999 00 00 L1C DA
G99 99 59564 104600 0780 099 0099 +9999999999 +99999       +1538   -208   22 999 9999 +999 9999 +999 00 00 L1C D9
G99 99 59564 110200 0780 099 0099 +9999999999 +99999       +1543    -47   21 999 9999 +999 9999 +999 00 00 L1C BE
G99 99 59564 111800 0780 099 0099 +9999999999 +99999       +1529   -306   22 999 9999 +999 9999 +999 00 00 L1C D8
G99 99 59564 113400 0780 099 0099 +9999999999 +99999       +1509   +557   26 999 9999 +999 9999 +999 00 00 L1C DE
G99 99 59564 115000 0780 099 0099 +9999999999 +99999       +1492   -213   22 999 9999 +999 9999 +999 00 00 L1C D0
G99 99 59564 120600 0780 099 0099 +9999999999 +99999       +1502   +395   24 999 9999 +999 9999 +999 00 00 L1C D5
G99 99 59564 122200 0780 099 0099 +9999999999 +99999       +1507   -305   28 999 9999 +999 9999 +999 00 00 L1C D5
G99 99 59564 125400 0780 099 0099 +9999999999 +99999       +1472   -359   20 999 9999 +999 9999 +999 00 00 L1C DC
G99 99 59564 131000 0780 099 0099 +9999999999 +99999       +1464   +693   24 999 9999 +999 9999 +999 00 00 L1C D9
G99 99 59564 132600 0780 099 0099 +9999999999 +99999       +1481    +10   29 999 9999 +999 9999 +999 00 00 L1C C3
G99 99 59564 134200 0780 099 0099 +9999999999 +99999       +1490   -173   21 999 9999 +999 9999 +999 00 00 L1C D5
G99 99 59564 135800 0780 099 0099 +9999999999 +99999       +1461   +429   20 999 9999 +999 9999 +999 00 00 L1C DB
G99 99 59564 141400 0780 099 0099 +9999999999 +99999       +1451   -404   25 999 9999 +999 9999 +999 00 00 L1C D3
G99 99 59564 143000 0780 099 0099 +9999999999 +99999       +1435   +724   30 999 9999 +999 9999 +999 00 00 L1C D2
G99 99 59564 144600 0780 099 0099 +9999999999 +99999       +1443   -162   21 999 9999 +999 9999 +999 00 00 L1C D6
G99 99 59564 150200 0780 099 0099 +9999999999 +99999       +1431    +37   20 999 9999 +999 9999 +999 00 00 L1C BA
G99 99 59564 151800 0780 099 0099 +9999999999 +99999       +1450   +983   31 999 9999 +999 9999 +999 00 00 L1C DE
G99 99 59564 153400 0780 099 0099 +9999999999 +99999       +1436   -248   29 999 9999 +999 9999 +999 00 00 L1C E3
G99 99 59564 155000 0780 099 0099 +9999999999 +99999       +1453   +452   29 999 9999 +999 9999 +999 00 00 L1C DB
G99 99 59564 160600 0780 099 0099 +9999999999 +99999       +1492   -234   33 999 9999 +999 9999 +999 00 00 L1C DB
G99 99 59564 162200 0780 099 0099 +9999999999 +99999       +1497   -306   28 999 9999 +999 9999 +999 00 00 L1C E2
G99 99 59564 163800 0780 099 0099 +9999999999 +99999       +1502   +513   23 999 9999 +999 9999 +999 00 00 L1C D5
G99 99 59564 165400 0780 099 0099 +9999999999 +99999       +1497  -1243   30 999 9999 +999 9999 +999 00 00 L1C F1
G99 99 59564 171000 0780 099 0099 +9999999999 +99999       +1495    +99   25 999 9999 +999 9999 +999 00 00 L1C D2
G99 99 59564 172600 0780 099 0099 +9999999999 +99999       +1497   -275   20 999 9999 +999 9999 +999 00 00 L1C E4
G99 99 59564 174200 0780 099 0099 +9999999999 +99999       +1509    +59   29 999 9999 +999 9999 +999 00 00 L1C D3
G99 99 59564 175800 0780 099 0099 +9999999999 +99999       +1499   +205   19 999 9999 +999 9999 +999 00 00 L1C EA
G99 99 59564 181400 0780 099 0099 +9999999999 +99999       +1531   -400   23 999 9999 +999 9999 +999 00 00 L1C D0
G99 99 59564 183000 0780 099 0099 +9999999999 +99999       +1538   +218   22 999 9999 +999 9999 +999 00 00 L1C D9
G99 99 59564 184600 0780 099 0099 +9999999999 +99999       +1530   -183   29 999 9999 +999 9999 +999 00 00 L1C E2
G99 99 59564 190200 0780 099 0099 +9999999999 +99999       +1551   -458   29 999 9999 +999 9999 +999 00 00 L1C E3
G99 99 59564 191800 0780 099 0099 +9999999999 +99999       +1540   -521   22 999 9999 +999 9999 +999 00 00 L1C D8
G99 99 59564 193400 0780 099 0099 +9999999999 +99999       +1526  +1111   32 999 9999 +999 9999 +999 00 00 L1C E5
G99 99 59564 195000 0780 099 0099 +9999999999 +99999       +1563   +409   26 999 9999 +999 9999 +999 00 00 L1C E0
G99 99 59564 200600 0780 099 0099 +9999999999 +99999       +1563   -193   24 999 9999 +999 9999 +999 00 00 L1C D9
G99 99 59564 202200 0780 099 0099 +9999999999 +99999       +1561   -549   24 999 9999 +999 9999 +999 00 00 L1C DA
G99 99 59564 203800 0780 099 0099 +9999999999 +99999       +1555   +342   24 999 9999 +999 9999 +999 00 00 L1C D9
G99 99 59564 205400 0780 099 0099 +9999999999 +99999       +1524   -163   24 999 9999 +999 9999 +999 00 00 L1C D6
G99 99 59564 211000 0780 099 0099 +9999999999 +99999       +1529  -1089   27 999 9999 +999 9999 +999 00 00 L1C EF
G99 99 59564 212600 0780 099 0099 +9999999999 +99999       +1528   -651   28 999 9999 +999 9999 +999 00 00 L1C E0
G99 99 59564 214200 0780 099 0099 +9999999999 +99999       +1512   -259   26 999 9999 +999 9999 +999 00 00 L1C D9
G99 99 59564 215800 0780 099 0099 +9999999999 +99999       +1531  +1203   42 999 9999 +999 9999 +999 00 00 L1C E3
G99 99 59564 221400 0780 099 0099 +9999999999 +99999       +1559     -6   34 999 9999 +999 9999 +999 00 00 L1C B9
G99 99 59564 223000 0780 099 0099 +9999999999 +99999       +1532   -507   30 999 9999 +999 9999 +999 00 00 L1C D0
G99 99 59564 224600 0780 099 0099 +9999999999 +99999       +1517   -881   29 999 9999 +999 9999 +999 00 00 L1C E7
G99 99 59564 230200 0780 099 0099 +9999999999 +99999       +1524   +709   28 999 9999 +999 9999 +999 00 00 L1C DA
G99 99 59564 231800 0780 099 0099 +9999999999 +99999       +1530   -222   26 999 9999 +999 9999 +999 00 00 L1C D4
G99 99 59564 233400 0780 099 0099 +9999999999 +99999       +1513   +662   21 999 9999 +999 9999 +999 00 00 L1C D4
G99 99 59564 235000 0780 099 0099 +9999999999 +99999       +1514   +475   23 999 9999 +999 9999 +999 00 00 L1C D7
