CGGTTS GENERIC DATA FORMAT VERSION = 2E
REV DATE = 2014-02-20
RCVR = GORGYTIMING SYREF25 18259999 2018 v00
CH = 12
IMS = 99999
LAB = SY82
X = +4314143.824 m
Y =  +452633.241 m
Z = +4660711.385 m
FRAME = ITRF
COMMENTS = NO COMMENTS
SYS DLY = 000.0 ns (GPS C1)     CAL_ID = NA
CAB DLY = 000.0 ns
REF DLY = 000.0 ns
REF = REF(SY82)
CKSUM = CE

SAT CL  MJD  STTIME TRKL ELV AZTH   REFSV      SRSV     REFSYS    SRSYS  DSG IOE MDTR SMDT MDIO SMDI FR HC FRC CK
             hhmmss s   .1dg .1dg    .1ns     .1ps/s     .1ns    .1ps/s .1ns     .1ns.1ps/s.1ns.1ps/s
G99 99 59543 001400 0780 099 0099 +9999999999 +99999       +1525    -95   21 999 9999 +999 9999 +999 00 00 L1C BF
G99 99 59543 003000 0780 099 0099 +9999999999 +99999       +1511    -66   20 999 9999 +999 9999 +999 00 00 L1C B5
G99 99 59543 004600 0780 099 0099 +9999999999 +99999       +1516   -110   18 999 9999 +999 9999 +999 00 00 L1C CE
G99 99 59543 010200 0780 099 0099 +9999999999 +99999       +1496   +476   24 999 9999 +999 9999 +999 00 00 L1C D8
G99 99 59543 011800 0780 099 0099 +9999999999 +99999       +1503   +367   29 999 9999 +999 9999 +999 00 00 L1C D8
G99 99 59543 013400 0780 099 0099 +9999999999 +99999       +1541  +1171   30 999 9999 +999 9999 +999 00 00 L1C DA
G99 99 59543 015000 0780 099 0099 +9999999999 +99999       +1536   +486   24 999 9999 +999 9999 +999 00 00 L1C D7
G99 99 59543 020600 0780 099 0099 +9999999999 +99999       +1535   -745   28 999 9999 +999 9999 +999 00 00 L1C DC
G99 99 59543 022200 0780 099 0099 +9999999999 +99999       +1522   -603   32 999 9999 +999 9999 +999 00 00 L1C CA
G99 99 59543 023800 0780 099 0099 +9999999999 +99999       +1508   +229   23 999 9999 +999 9999 +999 00 00 L1C D7
G99 99 59543 025400 0780 099 0099 +9999999999 +99999       +1520   -512   25 999 9999 +999 9999 +999 00 00 L1C CE
G99 99 59543 031000 0780 099 0099 +9999999999 +99999       +1507   +211   23 999 9999 +999 9999 +999 00 00 L1C C4
G99 99 59543 032600 0780 099 0099 +9999999999 +99999       +1517   -161   22 999 9999 +999 9999 +999 00 00 L1C D1
G99 99 59543 034200 0780 099 0099 +9999999999 +99999       +1515   +159   27 999 9999 +999 9999 +999 00 00 L1C D7
G99 99 59543 035800 0780 099 0099 +9999999999 +99999       +1491   -403   21 999 9999 +999 9999 +999 00 00 L1C D5
G99 99 59543 041400 0780 099 0099 +9999999999 +99999       +1510   +182   20 999 9999 +999 9999 +999 00 00 L1C C7
G99 99 59543 043000 0780 099 0099 +9999999999 +99999       +1525   +236   24 999 9999 +999 9999 +999 00 00 L1C CF
G99 99 59543 044600 0780 099 0099 +9999999999 +99999       +1516   -636   25 999 9999 +999 9999 +999 00 00 L1C DD
G99 99 59543 050200 0780 099 0099 +9999999999 +99999       +1520   -468   26 999 9999 +999 9999 +999 00 00 L1C D5
G99 99 59543 051800 0780 099 0099 +9999999999 +99999       +1523   +735   26 999 9999 +999 9999 +999 00 00 L1C DA
G99 99 59543 053400 0780 099 0099 +9999999999 +99999       +1555   -251   20 999 9999 +999 9999 +999 00 00 L1C D2
G99 99 59543 055000 0780 099 0099 +9999999999 +99999       +1558   +149   25 999 9999 +999 9999 +999 00 00 L1C DC
G99 99 59543 060600 0780 099 0099 +9999999999 +99999       +1567    -48   24 999 9999 +999 9999 +999 00 00 L1C CD
G99 99 59543 062200 0780 099 0099 +9999999999 +99999       +1561   -408   20 999 9999 +999 9999 +999 00 00 L1C D1
G99 99 59543 063800 0780 099 0099 +9999999999 +99999       +1546   -724   24 999 9999 +999 9999 +999 00 00 L1C E0
G99 99 59543 065400 0780 099 0099 +9999999999 +99999       +1540   +413   20 999 9999 +999 9999 +999 00 00 L1C CD
G99 99 59543 071000 0780 099 0099 +9999999999 +99999       +1529   -413   19 999 9999 +999 9999 +999 00 00 L1C D7
G99 99 59543 072600 0780 099 0099 +9999999999 +99999       +1548   -175   20 999 9999 +999 9999 +999 00 00 L1C DC
G99 99 59543 074200 0780 099 0099 +9999999999 +99999       +1542  +1017   29 999 9999 +999 9999 +999 00 00 L1C E7
G99 99 59543 075800 0780 099 0099 +9999999999 +99999       +1547   +977   26 999 9999 +999 9999 +999 00 00 L1C EE
G99 99 59543 081400 0780 099 0099 +9999999999 +99999       +1562  +1052   29 999 9999 +999 9999 +999 00 00 L1C E8
G99 99 59543 083000 0780 099 0099 +9999999999 +99999       +1595   +713   34 999 9999 +999 9999 +999 00 00 L1C DB
G99 99 59543 084600 0780 099 0099 +9999999999 +99999       +1571   -799   31 999 9999 +999 9999 +999 00 00 L1C E9
G99 99 59543 090200 0780 099 0099 +9999999999 +99999       +1557   -810   25 999 9999 +999 9999 +999 00 00 L1C D9
G99 99 59543 091800 0780 099 0099 +9999999999 +99999       +1563   -168   33 999 9999 +999 9999 +999 00 00 L1C E2
G99 99 59543 093400 0780 099 0099 +9999999999 +99999       +1569   +134   26 999 9999 +999 9999 +999 00 00 L1C DF
G99 99 59543 095000 0780 099 0099 +9999999999 +99999       +1571   +128   26 999 9999 +999 9999 +999 00 00 L1C D9
G99 99 59543 101800 0780 099 0099 +9999999999 +99999       +1549   -591   24 999 9999 +999 9999 +999 00 00 L1C DE
G99 99 59543 103400 0780 099 0099 +9999999999 +99999       +1562   +274   28 999 9999 +999 9999 +999 00 00 L1C D7
G99 99 59543 105000 0780 099 0099 +9999999999 +99999       +1543  -1324   39 999 9999 +999 9999 +999 00 00 L1C E5
G99 99 59543 110600 0780 099 0099 +9999999999 +99999       +1543   -135   31 999 9999 +999 9999 +999 00 00 L1C CE
G99 99 59543 112200 0780 099 0099 +9999999999 +99999       +1536   -125   26 999 9999 +999 9999 +999 00 00 L1C D1
G99 99 59543 113800 0780 099 0099 +9999999999 +99999       +1549    +39   32 999 9999 +999 9999 +999 00 00 L1C CB
G99 99 59543 115400 0780 099 0099 +9999999999 +99999       +1522   -559   30 999 9999 +999 9999 +999 00 00 L1C D7
G99 99 59543 121000 0780 099 0099 +9999999999 +99999       +1549    +71   23 999 9999 +999 9999 +999 00 00 L1C BE
G99 99 59543 122600 0780 099 0099 +9999999999 +99999       +1537   +174   20 999 9999 +999 9999 +999 00 00 L1C D3
G99 99 59543 124200 0780 099 0099 +9999999999 +99999       +1545   -528   24 999 9999 +999 9999 +999 00 00 L1C D9
G99 99 59543 125800 0780 099 0099 +9999999999 +99999       +1516   +219   24 999 9999 +999 9999 +999 00 00 L1C D9
G99 99 59543 131400 0780 099 0099 +9999999999 +99999       +1513    +41   22 999 9999 +999 9999 +999 00 00 L1C B6
G99 99 59543 133000 0780 099 0099 +9999999999 +99999       +1529   +759   25 999 9999 +999 9999 +999 00 00 L1C DE
G99 99 59543 134600 0780 099 0099 +9999999999 +99999       +1543   +153   28 999 9999 +999 9999 +999 00 00 L1C D8
G99 99 59543 141800 0780 099 0099 +9999999999 +99999       +1509   -618   26 999 9999 +999 9999 +999 00 00 L1C E0
G99 99 59543 143400 0780 099 0099 +9999999999 +99999       +1484   +711   29 999 9999 +999 9999 +999 00 00 L1C DB
G99 99 59543 145000 0780 099 0099 +9999999999 +99999       +1502   +464   28 999 9999 +999 9999 +999 00 00 L1C D4
G99 99 59543 150600 0780 099 0099 +9999999999 +99999       +1536   -602   26 999 9999 +999 9999 +999 00 00 L1C D7
G99 99 59543 152200 0780 099 0099 +9999999999 +99999       +1500   -645   30 999 9999 +999 9999 +999 00 00 L1C CE
G99 99 59543 153800 0780 099 0099 +9999999999 +99999       +1495   +289   29 999 9999 +999 9999 +999 00 00 L1C EC
G99 99 59543 155400 0780 099 0099 +9999999999 +99999       +1473   +145   31 999 9999 +999 9999 +999 00 00 L1C D6
G99 99 59543 161000 0780 099 0099 +9999999999 +99999       +1488   -668   25 999 9999 +999 9999 +999 00 00 L1C E4
G99 99 59543 162600 0780 099 0099 +9999999999 +99999       +1483   +312   23 999 9999 +999 9999 +999 00 00 L1C D4
G99 99 59543 164200 0780 099 0099 +9999999999 +99999       +1505   +549   24 999 9999 +999 9999 +999 00 00 L1C DA
G99 99 59543 165800 0780 099 0099 +9999999999 +99999       +1501   -564   25 999 9999 +999 9999 +999 00 00 L1C DD
G99 99 59543 171400 0780 099 0099 +9999999999 +99999       +1509    -25   19 999 9999 +999 9999 +999 00 00 L1C C9
G99 99 59543 173000 0780 099 0099 +9999999999 +99999       +1522   -124   32 999 9999 +999 9999 +999 00 00 L1C CD
G99 99 59543 174600 0780 099 0099 +9999999999 +99999       +1533    -57   25 999 9999 +999 9999 +999 00 00 L1C CD
G99 99 59543 180200 0780 099 0099 +9999999999 +99999       +1550   +605   23 999 9999 +999 9999 +999 00 00 L1C D0
G99 99 59543 181800 0780 099 0099 +9999999999 +99999       +1546  -1238   35 999 9999 +999 9999 +999 00 00 L1C F4
G99 99 59543 183400 0780 099 0099 +9999999999 +99999       +1529   +671   30 999 9999 +999 9999 +999 00 00 L1C DC
G99 99 59543 185000 0780 099 0099 +9999999999 +99999       +1542   +137   22 999 9999 +999 9999 +999 00 00 L1C D3
G99 99 59543 190600 0780 099 0099 +9999999999 +99999       +1535   -238   23 999 9999 +999 9999 +999 00 00 L1C DC
G99 99 59543 192200 0780 099 0099 +9999999999 +99999       +1534   +372   20 999 9999 +999 9999 +999 00 00 L1C D3
G99 99 59543 193800 0780 099 0099 +9999999999 +99999       +1555   -199   20 999 9999 +999 9999 +999 00 00 L1C E6
G99 99 59543 195400 0780 099 0099 +9999999999 +99999       +1545     -0   29 999 9999 +999 9999 +999 00 00 L1C B9
G99 99 59543 201000 0780 099 0099 +9999999999 +99999       +1544   +158   24 999 9999 +999 9999 +999 00 00 L1C CF
G99 99 59543 202600 0780 099 0099 +9999999999 +99999       +1556   +900   29 999 9999 +999 9999 +999 00 00 L1C D9
G99 99 59543 204200 0780 099 0099 +9999999999 +99999       +1546  -2012   39 999 9999 +999 9999 +999 00 00 L1C E5
G99 99 59543 205800 0780 099 0099 +9999999999 +99999       +1539   +267   21 999 9999 +999 9999 +999 00 00 L1C DD
G99 99 59543 211400 0780 099 0099 +9999999999 +99999       +1567   +433   29 999 9999 +999 9999 +999 00 00 L1C DA
G99 99 59543 213000 0780 099 0099 +9999999999 +99999       +1579   -544   31 999 9999 +999 9999 +999 00 00 L1C D9
G99 99 59543 214600 0780 099 0099 +9999999999 +99999       +1559   +177   33 999 9999 +999 9999 +999 00 00 L1C E0
G99 99 59543 220200 0780 099 0099 +9999999999 +99999       +1563   +444   31 999 9999 +999 9999 +999 00 00 L1C CF
G99 99 59543 221800 0780 099 0099 +9999999999 +99999       +1538   +897   29 999 9999 +999 9999 +999 00 00 L1C EB
G99 99 59543 223400 0780 099 0099 +9999999999 +99999       +1555  -1472   34 999 9999 +999 9999 +999 00 00 L1C EC
G99 99 59543 225000 0780 099 0099 +9999999999 +99999       +1552   -745   25 999 9999 +999 9999 +999 00 00 L1C D9
G99 99 59543 230600 0780 099 0099 +9999999999 +99999       +1530    -82   31 999 9999 +999 9999 +999 00 00 L1C BE
G99 99 59543 232200 0780 099 0099 +9999999999 +99999       +1542   +381   33 999 9999 +999 9999 +999 00 00 L1C D1
G99 99 59543 233800 0780 099 0099 +9999999999 +99999       +1561    +86   29 999 9999 +999 9999 +999 00 00 L1C D0
G99 99 59543 235400 0780 099 0099 +9999999999 +99999       +1546   -676   31 999 9999 +999 9999 +999 00 00 L1C E1
