CGGTTS GENERIC DATA FORMAT VERSION = 2E
REV DATE = 2014-02-20
RCVR = GORGYTIMING SYREF25 18259999 2018 v00
CH = 12
IMS = 99999
LAB = SY82
X = +4314135.241 m
Y =  +452632.826 m
Z = +4660702.606 m
FRAME = ITRF
COMMENTS = NO COMMENTS
SYS DLY = 000.0 ns (GPS C1)     CAL_ID = NA
CAB DLY = 000.0 ns
REF DLY = 000.0 ns
REF = REF(SY82)
CKSUM = CC

SAT CL  MJD  STTIME TRKL ELV AZTH   REFSV      SRSV     REFSYS    SRSYS  DSG IOE MDTR SMDT MDIO SMDI FR HC FRC CK
             hhmmss s   .1dg .1dg    .1ns     .1ps/s     .1ns    .1ps/s .1ns     .1ns.1ps/s.1ns.1ps/s
G99 99 59507 001400 0780 099 0099 +9999999999 +99999 +9999988924   -415   27 999 9999 +999 9999 +999 00 00 L1C 70
G99 99 59507 003000 0780 099 0099 +9999999999 +99999 +9999988920   -220   29 999 9999 +999 9999 +999 00 00 L1C 66
G99 99 59507 004600 0780 099 0099 +9999999999 +99999 +9999988924   -135   29 999 9999 +999 9999 +999 00 00 L1C 76
G99 99 59507 010200 0780 099 0099 +9999999999 +99999 +9999988916    -43   26 999 9999 +999 9999 +999 00 00 L1C 5B
G99 99 59507 011800 0780 099 0099 +9999999999 +99999 +9999988911   +223   28 999 9999 +999 9999 +999 00 00 L1C 6D
G99 99 59507 013400 0780 099 0099 +9999999999 +99999 +9999988914   -579   29 999 9999 +999 9999 +999 00 00 L1C 7F
G99 99 59507 015000 0780 099 0099 +9999999999 +99999 +9999988914   +615   29 999 9999 +999 9999 +999 00 00 L1C 72
G99 99 59507 020600 0780 099 0099 +9999999999 +99999 +9999988911   +252   24 999 9999 +999 9999 +999 00 00 L1C 69
G99 99 59507 022200 0780 099 0099 +9999999999 +99999 +9999988910   +323   29 999 9999 +999 9999 +999 00 00 L1C 6A
G99 99 59507 023800 0780 099 0099 +9999999999 +99999 +9999988899   -127   21 999 9999 +999 9999 +999 00 00 L1C 7D
G99 99 59507 025400 0780 099 0099 +9999999999 +99999 +9999988898    -38   21 999 9999 +999 9999 +999 00 00 L1C 6B
G99 99 59507 031000 0780 099 0099 +9999999999 +99999 +9779660691 +21846890512 1495449181 999 9999 +999 9999 +999 00 00 L1C BA
G99 99 59507 032600 0780 099 0099 +9999999999 +99999 +9999988890   +515   25 999 9999 +999 9999 +999 00 00 L1C 75
G99 99 59507 034200 0780 099 0099 +9999999999 +99999 +9999988877   -663   27 999 9999 +999 9999 +999 00 00 L1C 80
G99 99 59507 035800 0780 099 0099 +9999999999 +99999 +9999988891   +305   22 999 9999 +999 9999 +999 00 00 L1C 75
G99 99 59507 041400 0780 099 0099 +9999999999 +99999 +9999988906    +93   20 999 9999 +999 9999 +999 00 00 L1C 5D
G99 99 59507 043000 0780 099 0099 +9999999999 +99999 +9999988885    -25   24 999 9999 +999 9999 +999 00 00 L1C 62
G99 99 59507 044600 0780 099 0099 +9999999999 +99999 +9999988897   -216   23 999 9999 +999 9999 +999 00 00 L1C 7D
G99 99 59507 050200 0780 099 0099 +9999999999 +99999 +9999988869    +94   21 999 9999 +999 9999 +999 00 00 L1C 65
G99 99 59507 051800 0780 099 0099 +9999999999 +99999 +9999988882   -466   23 999 9999 +999 9999 +999 00 00 L1C 7E
G99 99 59507 053400 0780 099 0099 +9999999999 +99999 +9999988893   +316   24 999 9999 +999 9999 +999 00 00 L1C 77
G99 99 59507 055000 0780 099 0099 +9999999999 +99999 +9999988903   +261   24 999 9999 +999 9999 +999 00 00 L1C 6C
G99 99 59507 060600 0780 099 0099 +9999999999 +99999 +9999988895   +543   30 999 9999 +999 9999 +999 00 00 L1C 78
G99 99 59507 062200 0780 099 0099 +9999999999 +99999 +9999988897   +294   18 999 9999 +999 9999 +999 00 00 L1C 81
G99 99 59507 063800 0780 099 0099 +9999999999 +99999 +9999988910   -275   20 999 9999 +999 9999 +999 00 00 L1C 74
G99 99 59507 065400 0780 099 0099 +9999999999 +99999 +9999988903   -188   17 999 9999 +999 9999 +999 00 00 L1C 7D
G99 99 59507 071000 0780 099 0099 +9999999999 +99999 +9999988902   +189   17 999 9999 +999 9999 +999 00 00 L1C 74
G99 99 59507 072600 0780 099 0099 +9999999999 +99999 +9999988906   -709   20 999 9999 +999 9999 +999 00 00 L1C 79
G99 99 59507 074200 0780 099 0099 +9999999999 +99999 +9999988897   +276   18 999 9999 +999 9999 +999 00 00 L1C 84
G99 99 59507 075800 0780 099 0099 +9999999999 +99999 +9999988883   -275   23 999 9999 +999 9999 +999 00 00 L1C 83
G99 99 59507 081400 0780 099 0099 +9999999999 +99999 +9999988908  +1013   26 999 9999 +999 9999 +999 00 00 L1C 82
G99 99 59507 083000 0780 099 0099 +9999999999 +99999 +9999988897   +258   22 999 9999 +999 9999 +999 00 00 L1C 7D
G99 99 59507 084600 0780 099 0099 +9999999999 +99999 +9999988901    +80   22 999 9999 +999 9999 +999 00 00 L1C 5F
G99 99 59507 090200 0780 099 0099 +9999999999 +99999 +9999988892   -307   22 999 9999 +999 9999 +999 00 00 L1C 75
G99 99 59507 091800 0780 099 0099 +9999999999 +99999 +9999988887   +148   16 999 9999 +999 9999 +999 00 00 L1C 84
G99 99 59507 093400 0780 099 0099 +9999999999 +99999 +9999988911   +181   15 999 9999 +999 9999 +999 00 00 L1C 72
G99 99 59507 095000 0780 099 0099 +9999999999 +99999 +9999988899   -449   17 999 9999 +999 9999 +999 00 00 L1C 8A
G99 99 59507 100600 0780 099 0099 +9999999999 +99999 +9999988890   +301   16 999 9999 +999 9999 +999 00 00 L1C 6A
G99 99 59507 102200 0780 099 0099 +9999999999 +99999 +9999988895   +184   15 999 9999 +999 9999 +999 00 00 L1C 75
G99 99 59507 103800 0780 099 0099 +9999999999 +99999 +9999988885   +103   23 999 9999 +999 9999 +999 00 00 L1C 71
G99 99 59507 105400 0780 099 0099 +9999999999 +99999 +9999988895   +327   24 999 9999 +999 9999 +999 00 00 L1C 79
G99 99 59507 111000 0780 099 0099 +9999999999 +99999 +9999988923   -735   26 999 9999 +999 9999 +999 00 00 L1C 71
G99 99 59507 112600 0780 099 0099 +9999999999 +99999 +9999988895   -206   17 999 9999 +999 9999 +999 00 00 L1C 79
G99 99 59507 114200 0780 099 0099 +9999999999 +99999 +9999988901   +550   23 999 9999 +999 9999 +999 00 00 L1C 68
G99 99 59507 115800 0780 099 0099 +9999999999 +99999 +9999988895  +1220   26 999 9999 +999 9999 +999 00 00 L1C 89
G99 99 59507 121400 0780 099 0099 +9999999999 +99999 +9999988920   +167   17 999 9999 +999 9999 +999 00 00 L1C 70
G99 99 59507 124200 0780 099 0099 +9999999999 +99999 +9999988909   +185   20 999 9999 +999 9999 +999 00 00 L1C 72
G99 99 59507 125800 0780 099 0099 +9999999999 +99999 +9999988901    +25   21 999 9999 +999 9999 +999 00 00 L1C 5B
G99 99 59507 131400 0780 099 0099 +9999999999 +99999 +9999988887   -304   24 999 9999 +999 9999 +999 00 00 L1C 76
G99 99 59507 133000 0780 099 0099 +9999999999 +99999 +9999988886   -292   21 999 9999 +999 9999 +999 00 00 L1C 76
G99 99 59507 134600 0780 099 0099 +9999999999 +99999 +9999988876   +244   22 999 9999 +999 9999 +999 00 00 L1C 78
G99 99 59507 140200 0780 099 0099 +9999999999 +99999 +9999988894   +128   18 999 9999 +999 9999 +999 00 00 L1C 77
G99 99 59507 141800 0780 099 0099 +9999999999 +99999 +9999988876   +128   19 999 9999 +999 9999 +999 00 00 L1C 7F
G99 99 59507 143400 0780 099 0099 +9999999999 +99999 +9999988884   -511   20 999 9999 +999 9999 +999 00 00 L1C 72
G99 99 59507 145000 0780 099 0099 +9999999999 +99999 +9999988873    +38   18 999 9999 +999 9999 +999 00 00 L1C 67
G99 99 59507 150600 0780 099 0099 +9999999999 +99999 +9999988868  +1017   26 999 9999 +999 9999 +999 00 00 L1C 8A
G99 99 59507 152200 0780 099 0099 +9999999999 +99999 +9999988874   -413   17 999 9999 +999 9999 +999 00 00 L1C 76
G99 99 59507 153800 0780 099 0099 +9999999999 +99999 +9999988859   -802   21 999 9999 +999 9999 +999 00 00 L1C 7D
G99 99 59507 155400 0780 099 0099 +9999999999 +99999 +9999988851   -346   17 999 9999 +999 9999 +999 00 00 L1C 7B
G99 99 59507 161000 0780 099 0099 +9999999999 +99999 +9999988854   +167   21 999 9999 +999 9999 +999 00 00 L1C 71
G99 99 59507 164200 0780 099 0099 +9999999999 +99999 +9999988839   +268   22 999 9999 +999 9999 +999 00 00 L1C 7C
G99 99 59507 165800 0780 099 0099 +9999999999 +99999 +9999988860   +331   22 999 9999 +999 9999 +999 00 00 L1C 74
G99 99 59507 171400 0780 099 0099 +9999999999 +99999 +9999988864    +53   27 999 9999 +999 9999 +999 00 00 L1C 67
G99 99 59507 173000 0780 099 0099 +9999999999 +99999 +9999988855   +352   16 999 9999 +999 9999 +999 00 00 L1C 75
G99 99 59507 174600 0780 099 0099 +9999999999 +99999 +9999988853   +842   21 999 9999 +999 9999 +999 00 00 L1C 7A
G99 99 59507 180200 0780 099 0099 +9999999999 +99999 +9999988859   -221   18 999 9999 +999 9999 +999 00 00 L1C 78
G99 99 59507 181800 0780 099 0099 +9999999999 +99999 +9999988851   +789   28 999 9999 +999 9999 +999 00 00 L1C 89
G99 99 59507 183400 0780 099 0099 +9999999999 +99999 +9999988861   +174   13 999 9999 +999 9999 +999 00 00 L1C 76
G99 99 59507 185000 0780 099 0099 +9999999999 +99999 +9999988856   +140   19 999 9999 +999 9999 +999 00 00 L1C 77
G99 99 59507 190600 0780 099 0099 +9999999999 +99999 +9999988865    +19   16 999 9999 +999 9999 +999 00 00 L1C 6B
G99 99 59507 192200 0780 099 0099 +9999999999 +99999 +9999988845   -211   23 999 9999 +999 9999 +999 00 00 L1C 71
G99 99 59507 193800 0780 099 0099 +9999999999 +99999 +9999988855   -619   23 999 9999 +999 9999 +999 00 00 L1C 85
G99 99 59507 195400 0780 099 0099 +9999999999 +99999 +9999988847   -848   27 999 9999 +999 9999 +999 00 00 L1C 8C
G99 99 59507 201000 0780 099 0099 +9999999999 +99999 +9999988839   +495   19 999 9999 +999 9999 +999 00 00 L1C 7A
G99 99 59507 202600 0780 099 0099 +9999999999 +99999 +9999988829   +627   21 999 9999 +999 9999 +999 00 00 L1C 76
G99 99 59507 204200 0780 099 0099 +9999999999 +99999 +9999988820   -164   18 999 9999 +999 9999 +999 00 00 L1C 6F
G99 99 59507 205800 0780 099 0099 +9999999999 +99999 +9999988838    -91   18 999 9999 +999 9999 +999 00 00 L1C 6E
G99 99 59507 211400 0780 099 0099 +9999999999 +99999 +9999988842   -126   21 999 9999 +999 9999 +999 00 00 L1C 6B
G99 99 59507 213000 0780 099 0099 +9999999999 +99999 +9999988832    -66   14 999 9999 +999 9999 +999 00 00 L1C 5D
G99 99 59507 214600 0780 099 0099 +9999999999 +99999 +9999988822   -673   18 999 9999 +999 9999 +999 00 00 L1C 7B
G99 99 59507 220200 0780 099 0099 +9999999999 +99999 +9999988822   +190   22 999 9999 +999 9999 +999 00 00 L1C 67
G99 99 59507 221800 0780 099 0099 +9999999999 +99999 +9999988808   +212   22 999 9999 +999 9999 +999 00 00 L1C 6D
G99 99 59507 223400 0780 099 0099 +9999999999 +99999 +9999988817   -557   26 999 9999 +999 9999 +999 00 00 L1C 7D
G99 99 59507 225000 0780 099 0099 +9999999999 +99999 +9999988804   +322   24 999 9999 +999 9999 +999 00 00 L1C 69
G99 99 59507 230600 0780 099 0099 +9999999999 +99999 +9999988799   +330   23 999 9999 +999 9999 +999 00 00 L1C 76
G99 99 59507 232200 0780 099 0099 +9999999999 +99999 +9999988810   +768   20 999 9999 +999 9999 +999 00 00 L1C 70
G99 99 59507 233800 0780 099 0099 +9999999999 +99999 +9999988815   +244   25 999 9999 +999 9999 +999 00 00 L1C 76
