CGGTTS GENERIC DATA FORMAT VERSION = 2E
REV DATE = 2014-02-20
RCVR = GORGYTIMING SYREF25 18259999 2018 v00
CH = 12
IMS = 99999
LAB = SY82
X = +4314143.824 m
Y =  +452633.241 m
Z = +4660711.385 m
FRAME = ITRF
COMMENTS = NO COMMENTS
SYS DLY = 000.0 ns (GPS C1)     CAL_ID = NA
CAB DLY = 000.0 ns
REF DLY = 000.0 ns
REF = REF(SY82)
CKSUM = CE

SAT CL  MJD  STTIME TRKL ELV AZTH   REFSV      SRSV     REFSYS    SRSYS  DSG IOE MDTR SMDT MDIO SMDI FR HC FRC CK
             hhmmss s   .1dg .1dg    .1ns     .1ps/s     .1ns    .1ps/s .1ns     .1ns.1ps/s.1ns.1ps/s
G99 99 59563 001400 0780 099 0099 +9999999999 +99999       +1588  +1027   27 999 9999 +999 9999 +999 00 00 L1C EA
G99 99 59563 003000 0780 099 0099 +9999999999 +99999       +1588   -776   24 999 9999 +999 9999 +999 00 00 L1C E1
G99 99 59563 004600 0780 099 0099 +9999999999 +99999       +1583   -845   24 999 9999 +999 9999 +999 00 00 L1C E0
G99 99 59563 010200 0780 099 0099 +9999999999 +99999       +1572   -149   18 999 9999 +999 9999 +999 00 00 L1C D7
G99 99 59563 011800 0780 099 0099 +9999999999 +99999       +1547    -79   29 999 9999 +999 9999 +999 00 00 L1C D4
G99 99 59563 013400 0780 099 0099 +9999999999 +99999       +1565   -382   21 999 9999 +999 9999 +999 00 00 L1C D7
G99 99 59563 015000 0780 099 0099 +9999999999 +99999       +1582   -239   27 999 9999 +999 9999 +999 00 00 L1C DB
G99 99 59563 020600 0780 099 0099 +9999999999 +99999       +1576   -679   25 999 9999 +999 9999 +999 00 00 L1C E6
G99 99 59563 022200 0780 099 0099 +9999999999 +99999       +1562   +756   27 999 9999 +999 9999 +999 00 00 L1C DB
G99 99 59563 023800 0780 099 0099 +9999999999 +99999       +1539   +450   26 999 9999 +999 9999 +999 00 00 L1C DC
G99 99 59563 025400 0780 099 0099 +9999999999 +99999       +1556    -42   21 999 9999 +999 9999 +999 00 00 L1C C3
G99 99 59563 031000 0780 099 0099 +9999999999 +99999       +1582    -63   18 999 9999 +999 9999 +999 00 00 L1C C4
G99 99 59563 032600 0780 099 0099 +9999999999 +99999       +1574    +54   23 999 9999 +999 9999 +999 00 00 L1C C6
G99 99 59563 034200 0780 099 0099 +9999999999 +99999       +1563   -849   30 999 9999 +999 9999 +999 00 00 L1C DE
G99 99 59563 035800 0780 099 0099 +9999999999 +99999       +1573    -52   24 999 9999 +999 9999 +999 00 00 L1C CB
G99 99 59563 041400 0780 099 0099 +9999999999 +99999       +1571    +42   27 999 9999 +999 9999 +999 00 00 L1C C2
G99 99 59563 043000 0780 099 0099 +9999999999 +99999       +1594   +462   23 999 9999 +999 9999 +999 00 00 L1C D7
G99 99 59563 044600 0780 099 0099 +9999999999 +99999       +1590   -878   34 999 9999 +999 9999 +999 00 00 L1C E9
G99 99 59563 050200 0780 099 0099 +9999999999 +99999       +1596   +318   22 999 9999 +999 9999 +999 00 00 L1C D8
G99 99 59563 051800 0780 099 0099 +9999999999 +99999       +1565   -351   25 999 9999 +999 9999 +999 00 00 L1C DD
G99 99 59563 053400 0780 099 0099 +9999999999 +99999       +1567    +93   22 999 9999 +999 9999 +999 00 00 L1C CB
G99 99 59563 055000 0780 099 0099 +9999999999 +99999       +1557   +289   22 999 9999 +999 9999 +999 00 00 L1C DF
G99 99 59563 060600 0780 099 0099 +9999999999 +99999       +1569   +518   24 999 9999 +999 9999 +999 00 00 L1C E1
G99 99 59563 062200 0780 099 0099 +9999999999 +99999       +1562   +492   26 999 9999 +999 9999 +999 00 00 L1C DB
G99 99 59563 063800 0780 099 0099 +9999999999 +99999       +1569   +578   22 999 9999 +999 9999 +999 00 00 L1C EA
G99 99 59563 065400 0780 099 0099 +9999999999 +99999       +1582   +358   28 999 9999 +999 9999 +999 00 00 L1C E5
G99 99 59563 071000 0780 099 0099 +9999999999 +99999       +1602   +762   27 999 9999 +999 9999 +999 00 00 L1C D5
G99 99 59563 072600 0780 099 0099 +9999999999 +99999       +1578   -799   27 999 9999 +999 9999 +999 00 00 L1C F4
G99 99 59563 074200 0780 099 0099 +9999999999 +99999       +1567   +289   33 999 9999 +999 9999 +999 00 00 L1C E5
G99 99 59563 075800 0780 099 0099 +9999999999 +99999       +1576   -643   25 999 9999 +999 9999 +999 00 00 L1C E9
G99 99 59563 081400 0780 099 0099 +9999999999 +99999       +1597   -386   32 999 9999 +999 9999 +999 00 00 L1C E7
G99 99 59563 083000 0780 099 0099 +9999999999 +99999       +1575   -123   21 999 9999 +999 9999 +999 00 00 L1C D4
G99 99 59563 085800 0780 099 0099 +9999999999 +99999       +1573   +174   31 999 9999 +999 9999 +999 00 00 L1C E1
G99 99 59563 091400 0780 099 0099 +9999999999 +99999       +1587   +430   24 999 9999 +999 9999 +999 00 00 L1C DC
G99 99 59563 093000 0780 099 0099 +9999999999 +99999       +1575  +1185   30 999 9999 +999 9999 +999 00 00 L1C EC
G99 99 59563 094600 0780 099 0099 +9999999999 +99999       +1587    +10   29 999 9999 +999 9999 +999 00 00 L1C D0
G99 99 59563 100200 0780 099 0099 +9999999999 +99999       +1588   -240   23 999 9999 +999 9999 +999 00 00 L1C D2
G99 99 59563 101800 0780 099 0099 +9999999999 +99999       +1615   -126   26 999 9999 +999 9999 +999 00 00 L1C D6
G99 99 59563 103400 0780 099 0099 +9999999999 +99999       +1600   -681   31 999 9999 +999 9999 +999 00 00 L1C D0
G99 99 59563 105000 0780 099 0099 +9999999999 +99999       +1606   -436   24 999 9999 +999 9999 +999 00 00 L1C D4
G99 99 59563 110600 0780 099 0099 +9999999999 +99999       +1616    +62   21 999 9999 +999 9999 +999 00 00 L1C BD
G99 99 59563 112200 0780 099 0099 +9999999999 +99999       +1605    +28   21 999 9999 +999 9999 +999 00 00 L1C BB
G99 99 59563 113800 0780 099 0099 +9999999999 +99999       +1584   +335   26 999 9999 +999 9999 +999 00 00 L1C DE
G99 99 59563 115400 0780 099 0099 +9999999999 +99999       +1584   -165   18 999 9999 +999 9999 +999 00 00 L1C E0
G99 99 59563 121000 0780 099 0099 +9999999999 +99999       +1584   +313   28 999 9999 +999 9999 +999 00 00 L1C D3
G99 99 59563 122600 0780 099 0099 +9999999999 +99999       +1598   +453   26 999 9999 +999 9999 +999 00 00 L1C E2
G99 99 59563 125800 0780 099 0099 +9999999999 +99999       +1557   -601   23 999 9999 +999 9999 +999 00 00 L1C DC
G99 99 59563 131400 0780 099 0099 +9999999999 +99999       +1531   +172   28 999 9999 +999 9999 +999 00 00 L1C D3
G99 99 59563 133000 0780 099 0099 +9999999999 +99999       +1547   +135   32 999 9999 +999 9999 +999 00 00 L1C D2
G99 99 59563 134600 0780 099 0099 +9999999999 +99999       +1573   -418   26 999 9999 +999 9999 +999 00 00 L1C E1
G99 99 59563 140200 0780 099 0099 +9999999999 +99999       +1528   +212   29 999 9999 +999 9999 +999 00 00 L1C D3
G99 99 59563 141800 0780 099 0099 +9999999999 +99999       +1532    +94   25 999 9999 +999 9999 +999 00 00 L1C C9
G99 99 59563 143400 0780 099 0099 +9999999999 +99999       +1521   +205   25 999 9999 +999 9999 +999 00 00 L1C CF
G99 99 59563 145000 0780 099 0099 +9999999999 +99999       +1525   -814   28 999 9999 +999 9999 +999 00 00 L1C DC
G99 99 59563 150600 0780 099 0099 +9999999999 +99999       +1514   -173   28 999 9999 +999 9999 +999 00 00 L1C DA
G99 99 59563 152200 0780 099 0099 +9999999999 +99999       +1522   +636   22 999 9999 +999 9999 +999 00 00 L1C D3
G99 99 59563 153800 0780 099 0099 +9999999999 +99999       +1515   +262   29 999 9999 +999 9999 +999 00 00 L1C DE
G99 99 59563 155400 0780 099 0099 +9999999999 +99999       +1531   +470   24 999 9999 +999 9999 +999 00 00 L1C D6
G99 99 59563 161000 0780 099 0099 +9999999999 +99999       +1541   -295   30 999 9999 +999 9999 +999 00 00 L1C D4
G99 99 59563 162600 0780 099 0099 +9999999999 +99999       +1554   -980   37 999 9999 +999 9999 +999 00 00 L1C E7
G99 99 59563 164200 0780 099 0099 +9999999999 +99999       +1548   +113   23 999 9999 +999 9999 +999 00 00 L1C D5
G99 99 59563 165800 0780 099 0099 +9999999999 +99999       +1543  -1327   33 999 9999 +999 9999 +999 00 00 L1C F2
G99 99 59563 171400 0780 099 0099 +9999999999 +99999       +1528    -98   24 999 9999 +999 9999 +999 00 00 L1C D2
G99 99 59563 173000 0780 099 0099 +9999999999 +99999       +1519    +76   25 999 9999 +999 9999 +999 00 00 L1C CB
G99 99 59563 174600 0780 099 0099 +9999999999 +99999       +1536   +111   27 999 9999 +999 9999 +999 00 00 L1C D9
G99 99 59563 180200 0780 099 0099 +9999999999 +99999       +1550   +367   23 999 9999 +999 9999 +999 00 00 L1C D7
G99 99 59563 181800 0780 099 0099 +9999999999 +99999       +1562   -163   22 999 9999 +999 9999 +999 00 00 L1C DC
G99 99 59563 183400 0780 099 0099 +9999999999 +99999       +1560    +43   19 999 9999 +999 9999 +999 00 00 L1C C9
G99 99 59563 185000 0780 099 0099 +9999999999 +99999       +1561    +29   23 999 9999 +999 9999 +999 00 00 L1C C7
G99 99 59563 190600 0780 099 0099 +9999999999 +99999       +1562   +561   29 999 9999 +999 9999 +999 00 00 L1C E1
G99 99 59563 192200 0780 099 0099 +9999999999 +99999       +1561  -1091   30 999 9999 +999 9999 +999 00 00 L1C E7
G99 99 59563 193800 0780 099 0099 +9999999999 +99999       +1541   +943   24 999 9999 +999 9999 +999 00 00 L1C E2
G99 99 59563 195400 0780 099 0099 +9999999999 +99999       +1567   +154   27 999 9999 +999 9999 +999 00 00 L1C E5
G99 99 59563 201000 0780 099 0099 +9999999999 +99999       +1582   +183   31 999 9999 +999 9999 +999 00 00 L1C CF
G99 99 59563 202600 0780 099 0099 +9999999999 +99999       +1579   -702   27 999 9999 +999 9999 +999 00 00 L1C E0
G99 99 59563 204200 0780 099 0099 +9999999999 +99999       +1561   +277   29 999 9999 +999 9999 +999 00 00 L1C DC
G99 99 59563 205800 0780 099 0099 +9999999999 +99999       +1535   -351   25 999 9999 +999 9999 +999 00 00 L1C DB
G99 99 59563 211400 0780 099 0099 +9999999999 +99999       +1537   -822   28 999 9999 +999 9999 +999 00 00 L1C DC
G99 99 59563 213000 0780 099 0099 +9999999999 +99999       +1544   -813   27 999 9999 +999 9999 +999 00 00 L1C D7
G99 99 59563 214600 0780 099 0099 +9999999999 +99999       +1533    -47   23 999 9999 +999 9999 +999 00 00 L1C C7
G99 99 59563 220200 0780 099 0099 +9999999999 +99999       +1550  +1265   39 999 9999 +999 9999 +999 00 00 L1C E7
G99 99 59563 221800 0780 099 0099 +9999999999 +99999       +1579   -305   32 999 9999 +999 9999 +999 00 00 L1C DE
G99 99 59563 223400 0780 099 0099 +9999999999 +99999       +1553    -51   35 999 9999 +999 9999 +999 00 00 L1C C5
G99 99 59563 225000 0780 099 0099 +9999999999 +99999       +1540   -420   27 999 9999 +999 9999 +999 00 00 L1C D0
G99 99 59563 230600 0780 099 0099 +9999999999 +99999       +1537   -186   28 999 9999 +999 9999 +999 00 00 L1C E2
G99 99 59563 232200 0780 099 0099 +9999999999 +99999       +1529   -507   23 999 9999 +999 9999 +999 00 00 L1C D9
G99 99 59563 233800 0780 099 0099 +9999999999 +99999       +1512  +1131   29 999 9999 +999 9999 +999 00 00 L1C E6
G99 99 59563 235400 0780 099 0099 +9999999999 +99999       +1515   +139   22 999 9999 +999 9999 +999 00 00 L1C D7
