CGGTTS GENERIC DATA FORMAT VERSION = 2E
REV DATE = 2014-02-20
RCVR = GORGYTIMING SYREF25 18259999 2018 v00
CH = 12
IMS = 99999
LAB = SY82
X = +4314143.824 m
Y =  +452633.241 m
Z = +4660711.385 m
FRAME = ITRF
COMMENTS = NO COMMENTS
SYS DLY = 000.0 ns (GPS C1)     CAL_ID = NA
CAB DLY = 000.0 ns
REF DLY = 000.0 ns
REF = REF(SY82)
CKSUM = CE

SAT CL  MJD  STTIME TRKL ELV AZTH   REFSV      SRSV     REFSYS    SRSYS  DSG IOE MDTR SMDT MDIO SMDI FR HC FRC CK
             hhmmss s   .1dg .1dg    .1ns     .1ps/s     .1ns    .1ps/s .1ns     .1ns.1ps/s.1ns.1ps/s
G99 99 59557 000600 0780 099 0099 +9999999999 +99999       +1542   +693   23 999 9999 +999 9999 +999 00 00 L1C D8
G99 99 59557 002200 0780 099 0099 +9999999999 +99999       +1535   +111   26 999 9999 +999 9999 +999 00 00 L1C CC
G99 99 59557 003800 0780 099 0099 +9999999999 +99999       +1570  +1098   29 999 9999 +999 9999 +999 00 00 L1C F4
G99 99 59557 005400 0780 099 0099 +9999999999 +99999       +1566   -279   24 999 9999 +999 9999 +999 00 00 L1C E4
G99 99 59557 011000 0780 099 0099 +9999999999 +99999       +1558   -712   33 999 9999 +999 9999 +999 00 00 L1C D6
G99 99 59557 012600 0780 099 0099 +9999999999 +99999       +1554   -183   23 999 9999 +999 9999 +999 00 00 L1C DA
G99 99 59557 014200 0780 099 0099 +9999999999 +99999       +1518   +113   29 999 9999 +999 9999 +999 00 00 L1C D5
G99 99 59557 015800 0780 099 0099 +9999999999 +99999       +1522    -82   25 999 9999 +999 9999 +999 00 00 L1C CA
G99 99 59557 021400 0780 099 0099 +9999999999 +99999       +1540   +167   24 999 9999 +999 9999 +999 00 00 L1C D4
G99 99 59557 023000 0780 099 0099 +9999999999 +99999       +1531   -400   28 999 9999 +999 9999 +999 00 00 L1C CE
G99 99 59557 024600 0780 099 0099 +9999999999 +99999       +1527   +916   33 999 9999 +999 9999 +999 00 00 L1C E0
G99 99 59557 030200 0780 099 0099 +9999999999 +99999       +1515   +376   28 999 9999 +999 9999 +999 00 00 L1C DA
G99 99 59557 031800 0780 099 0099 +9999999999 +99999       +1520    +88   20 999 9999 +999 9999 +999 00 00 L1C C5
G99 99 59557 033400 0780 099 0099 +9999999999 +99999       +1538    +25   21 999 9999 +999 9999 +999 00 00 L1C C4
G99 99 59557 035000 0780 099 0099 +9999999999 +99999       +1517    -48   27 999 9999 +999 9999 +999 00 00 L1C CC
G99 99 59557 040600 0780 099 0099 +9999999999 +99999       +1522   -631   29 999 9999 +999 9999 +999 00 00 L1C DA
G99 99 59557 042200 0780 099 0099 +9999999999 +99999       +1529   +524   24 999 9999 +999 9999 +999 00 00 L1C D9
G99 99 59557 043800 0780 099 0099 +9999999999 +99999       +1533   +115   22 999 9999 +999 9999 +999 00 00 L1C D5
G99 99 59557 045400 0780 099 0099 +9999999999 +99999       +1556   -230   25 999 9999 +999 9999 +999 00 00 L1C DB
G99 99 59557 051000 0780 099 0099 +9999999999 +99999       +1553   -598   26 999 9999 +999 9999 +999 00 00 L1C E3
G99 99 59557 052600 0780 099 0099 +9999999999 +99999       +1549    -73   25 999 9999 +999 9999 +999 00 00 L1C D2
G99 99 59557 054200 0780 099 0099 +9999999999 +99999       +1529   -672   23 999 9999 +999 9999 +999 00 00 L1C E1
G99 99 59557 055800 0780 099 0099 +9999999999 +99999       +1528    -12   23 999 9999 +999 9999 +999 00 00 L1C CB
G99 99 59557 061400 0780 099 0099 +9999999999 +99999       +1531   +419   23 999 9999 +999 9999 +999 00 00 L1C D7
G99 99 59557 063000 0780 099 0099 +9999999999 +99999       +1538    -57   21 999 9999 +999 9999 +999 00 00 L1C CA
G99 99 59557 064600 0780 099 0099 +9999999999 +99999       +1527  +1175   30 999 9999 +999 9999 +999 00 00 L1C EF
G99 99 59557 070200 0780 099 0099 +9999999999 +99999       +1552   +422   23 999 9999 +999 9999 +999 00 00 L1C D2
G99 99 59557 071800 0780 099 0099 +9999999999 +99999       +1558   +613   26 999 9999 +999 9999 +999 00 00 L1C E4
G99 99 59557 073400 0780 099 0099 +9999999999 +99999       +1596    +62   30 999 9999 +999 9999 +999 00 00 L1C CD
G99 99 59557 075000 0780 099 0099 +9999999999 +99999       +1564  -1235   33 999 9999 +999 9999 +999 00 00 L1C EE
G99 99 59557 080600 0780 099 0099 +9999999999 +99999       +1537   -890   32 999 9999 +999 9999 +999 00 00 L1C E5
G99 99 59557 082200 0780 099 0099 +9999999999 +99999       +1551    -96   34 999 9999 +999 9999 +999 00 00 L1C CF
G99 99 59557 083800 0780 099 0099 +9999999999 +99999       +1570   -111   33 999 9999 +999 9999 +999 00 00 L1C DA
G99 99 59557 085400 0780 099 0099 +9999999999 +99999       +1561   -370   29 999 9999 +999 9999 +999 00 00 L1C E4
G99 99 59557 092200 0780 099 0099 +9999999999 +99999       +1552    -94   25 999 9999 +999 9999 +999 00 00 L1C CF
G99 99 59557 093800 0780 099 0099 +9999999999 +99999       +1572   -142   26 999 9999 +999 9999 +999 00 00 L1C E3
G99 99 59557 095400 0780 099 0099 +9999999999 +99999       +1562   +605   37 999 9999 +999 9999 +999 00 00 L1C E4
G99 99 59557 101000 0780 099 0099 +9999999999 +99999       +1567   -368   29 999 9999 +999 9999 +999 00 00 L1C E2
G99 99 59557 102600 0780 099 0099 +9999999999 +99999       +1562   -612   27 999 9999 +999 9999 +999 00 00 L1C DA
G99 99 59557 104200 0780 099 0099 +9999999999 +99999       +1584   -534   31 999 9999 +999 9999 +999 00 00 L1C DA
G99 99 59557 105800 0780 099 0099 +9999999999 +99999       +1572     +2   22 999 9999 +999 9999 +999 00 00 L1C B2
G99 99 59557 111400 0780 099 0099 +9999999999 +99999       +1571    -55   20 999 9999 +999 9999 +999 00 00 L1C C2
G99 99 59557 113000 0780 099 0099 +9999999999 +99999       +1580    +36   25 999 9999 +999 9999 +999 00 00 L1C C2
G99 99 59557 114600 0780 099 0099 +9999999999 +99999       +1573   -828   27 999 9999 +999 9999 +999 00 00 L1C E8
G99 99 59557 120200 0780 099 0099 +9999999999 +99999       +1548   +402   20 999 9999 +999 9999 +999 00 00 L1C CE
G99 99 59557 121800 0780 099 0099 +9999999999 +99999       +1534   +222   21 999 9999 +999 9999 +999 00 00 L1C D1
G99 99 59557 123400 0780 099 0099 +9999999999 +99999       +1556   +333   28 999 9999 +999 9999 +999 00 00 L1C DD
G99 99 59557 125000 0780 099 0099 +9999999999 +99999       +1567    -40   21 999 9999 +999 9999 +999 00 00 L1C C3
G99 99 59557 132200 0780 099 0099 +9999999999 +99999       +1521  -1246   29 999 9999 +999 9999 +999 00 00 L1C EA
G99 99 59557 133800 0780 099 0099 +9999999999 +99999       +1511    -65   23 999 9999 +999 9999 +999 00 00 L1C C8
G99 99 59557 135400 0780 099 0099 +9999999999 +99999       +1523    +41   24 999 9999 +999 9999 +999 00 00 L1C C2
G99 99 59557 141000 0780 099 0099 +9999999999 +99999       +1541  -1015   27 999 9999 +999 9999 +999 00 00 L1C E2
G99 99 59557 142600 0780 099 0099 +9999999999 +99999       +1510   -255   24 999 9999 +999 9999 +999 00 00 L1C D7
G99 99 59557 144200 0780 099 0099 +9999999999 +99999       +1505   -605   23 999 9999 +999 9999 +999 00 00 L1C D7
G99 99 59557 145800 0780 099 0099 +9999999999 +99999       +1494   +611   22 999 9999 +999 9999 +999 00 00 L1C DF
G99 99 59557 151400 0780 099 0099 +9999999999 +99999       +1505   -600   21 999 9999 +999 9999 +999 00 00 L1C D0
G99 99 59557 153000 0780 099 0099 +9999999999 +99999       +1491   +398   26 999 9999 +999 9999 +999 00 00 L1C E3
G99 99 59557 154600 0780 099 0099 +9999999999 +99999       +1510   +329   26 999 9999 +999 9999 +999 00 00 L1C DC
G99 99 59557 160200 0780 099 0099 +9999999999 +99999       +1497   +184   32 999 9999 +999 9999 +999 00 00 L1C DF
G99 99 59557 161800 0780 099 0099 +9999999999 +99999       +1513   +438   22 999 9999 +999 9999 +999 00 00 L1C DC
G99 99 59557 163400 0780 099 0099 +9999999999 +99999       +1540   -416   33 999 9999 +999 9999 +999 00 00 L1C DA
G99 99 59557 165000 0780 099 0099 +9999999999 +99999       +1532    +49   27 999 9999 +999 9999 +999 00 00 L1C CC
G99 99 59557 170600 0780 099 0099 +9999999999 +99999       +1540   +516   23 999 9999 +999 9999 +999 00 00 L1C D8
G99 99 59557 172200 0780 099 0099 +9999999999 +99999       +1534  -1272   33 999 9999 +999 9999 +999 00 00 L1C EC
G99 99 59557 173800 0780 099 0099 +9999999999 +99999       +1530   +671   27 999 9999 +999 9999 +999 00 00 L1C E2
G99 99 59557 175400 0780 099 0099 +9999999999 +99999       +1528   +140   22 999 9999 +999 9999 +999 00 00 L1C D9
G99 99 59557 181000 0780 099 0099 +9999999999 +99999       +1523   +713   24 999 9999 +999 9999 +999 00 00 L1C D5
G99 99 59557 182600 0780 099 0099 +9999999999 +99999       +1532   +390   20 999 9999 +999 9999 +999 00 00 L1C D9
G99 99 59557 184200 0780 099 0099 +9999999999 +99999       +1558   -124   31 999 9999 +999 9999 +999 00 00 L1C DE
G99 99 59557 185800 0780 099 0099 +9999999999 +99999       +1558   +353   22 999 9999 +999 9999 +999 00 00 L1C E7
G99 99 59557 191400 0780 099 0099 +9999999999 +99999       +1557    -84   32 999 9999 +999 9999 +999 00 00 L1C D3
G99 99 59557 193000 0780 099 0099 +9999999999 +99999       +1560    +97   29 999 9999 +999 9999 +999 00 00 L1C D3
G99 99 59557 194600 0780 099 0099 +9999999999 +99999       +1539   -417   26 999 9999 +999 9999 +999 00 00 L1C EB
G99 99 59557 200200 0780 099 0099 +9999999999 +99999       +1524   +820   26 999 9999 +999 9999 +999 00 00 L1C D1
G99 99 59557 201800 0780 099 0099 +9999999999 +99999       +1548    -16   26 999 9999 +999 9999 +999 00 00 L1C CD
G99 99 59557 203400 0780 099 0099 +9999999999 +99999       +1563   -183   30 999 9999 +999 9999 +999 00 00 L1C D8
G99 99 59557 205000 0780 099 0099 +9999999999 +99999       +1569   -583   25 999 9999 +999 9999 +999 00 00 L1C E4
G99 99 59557 210600 0780 099 0099 +9999999999 +99999       +1554   -211   25 999 9999 +999 9999 +999 00 00 L1C D4
G99 99 59557 212200 0780 099 0099 +9999999999 +99999       +1523   -584   26 999 9999 +999 9999 +999 00 00 L1C DC
G99 99 59557 213800 0780 099 0099 +9999999999 +99999       +1540   -941   31 999 9999 +999 9999 +999 00 00 L1C DB
G99 99 59557 215400 0780 099 0099 +9999999999 +99999       +1535   -620   35 999 9999 +999 9999 +999 00 00 L1C DB
G99 99 59557 221000 0780 099 0099 +9999999999 +99999       +1514     +4   25 999 9999 +999 9999 +999 00 00 L1C AA
G99 99 59557 222600 0780 099 0099 +9999999999 +99999       +1529   +379   27 999 9999 +999 9999 +999 00 00 L1C E8
G99 99 59557 224200 0780 099 0099 +9999999999 +99999       +1551    -39   25 999 9999 +999 9999 +999 00 00 L1C CA
G99 99 59557 225800 0780 099 0099 +9999999999 +99999       +1546   -483   27 999 9999 +999 9999 +999 00 00 L1C EA
G99 99 59557 231400 0780 099 0099 +9999999999 +99999       +1524   +163   23 999 9999 +999 9999 +999 00 00 L1C D4
G99 99 59557 233000 0780 099 0099 +9999999999 +99999       +1535   +743   24 999 9999 +999 9999 +999 00 00 L1C D9
G99 99 59557 234600 0780 099 0099 +9999999999 +99999       +1544   -461   25 999 9999 +999 9999 +999 00 00 L1C E0
