CGGTTS GENERIC DATA FORMAT VERSION = 2E
REV DATE = 2014-02-20
RCVR = GORGYTIMING SYREF25 18259999 2018 v00
CH = 12
IMS = 99999
LAB = SY82
X = +4314143.824 m
Y =  +452633.241 m
Z = +4660711.385 m
FRAME = ITRF
COMMENTS = NO COMMENTS
SYS DLY = 000.0 ns (GPS C1)     CAL_ID = NA
CAB DLY = 000.0 ns
REF DLY = 000.0 ns
REF = REF(SY82)
CKSUM = CE

SAT CL  MJD  STTIME TRKL ELV AZTH   REFSV      SRSV     REFSYS    SRSYS  DSG IOE MDTR SMDT MDIO SMDI FR HC FRC CK
             hhmmss s   .1dg .1dg    .1ns     .1ps/s     .1ns    .1ps/s .1ns     .1ns.1ps/s.1ns.1ps/s
G99 99 59546 000200 0780 099 0099 +9999999999 +99999       +1525   -228   27 999 9999 +999 9999 +999 00 00 L1C D3
G99 99 59546 001800 0780 099 0099 +9999999999 +99999       +1534   -207   22 999 9999 +999 9999 +999 00 00 L1C D2
G99 99 59546 003400 0780 099 0099 +9999999999 +99999       +1546    +72   19 999 9999 +999 9999 +999 00 00 L1C C7
G99 99 59546 005000 0780 099 0099 +9999999999 +99999       +1532    +82   20 999 9999 +999 9999 +999 00 00 L1C B9
G99 99 59546 010600 0780 099 0099 +9999999999 +99999       +1531   -103   28 999 9999 +999 9999 +999 00 00 L1C CE
G99 99 59546 012200 0780 099 0099 +9999999999 +99999       +1563  +1437   31 999 9999 +999 9999 +999 00 00 L1C E4
G99 99 59546 013800 0780 099 0099 +9999999999 +99999       +1572   -265   21 999 9999 +999 9999 +999 00 00 L1C DA
G99 99 59546 015400 0780 099 0099 +9999999999 +99999       +1561   -423   25 999 9999 +999 9999 +999 00 00 L1C D6
G99 99 59546 021000 0780 099 0099 +9999999999 +99999       +1550   -355   26 999 9999 +999 9999 +999 00 00 L1C D2
G99 99 59546 022600 0780 099 0099 +9999999999 +99999       +1533   -284   24 999 9999 +999 9999 +999 00 00 L1C D9
G99 99 59546 024200 0780 099 0099 +9999999999 +99999       +1547   -486   32 999 9999 +999 9999 +999 00 00 L1C DF
G99 99 59546 025800 0780 099 0099 +9999999999 +99999       +1539    -79   26 999 9999 +999 9999 +999 00 00 L1C D8
G99 99 59546 031400 0780 099 0099 +9999999999 +99999       +1542   -473   21 999 9999 +999 9999 +999 00 00 L1C D4
G99 99 59546 033000 0780 099 0099 +9999999999 +99999       +1532   +150   25 999 9999 +999 9999 +999 00 00 L1C CB
G99 99 59546 034600 0780 099 0099 +9999999999 +99999       +1505   +335   20 999 9999 +999 9999 +999 00 00 L1C D2
G99 99 59546 040200 0780 099 0099 +9999999999 +99999       +1531    +93   20 999 9999 +999 9999 +999 00 00 L1C BB
G99 99 59546 041800 0780 099 0099 +9999999999 +99999       +1555   +175   23 999 9999 +999 9999 +999 00 00 L1C DC
G99 99 59546 043400 0780 099 0099 +9999999999 +99999       +1544   -298   19 999 9999 +999 9999 +999 00 00 L1C E5
G99 99 59546 045000 0780 099 0099 +9999999999 +99999       +1544   -488   32 999 9999 +999 9999 +999 00 00 L1C DF
G99 99 59546 050600 0780 099 0099 +9999999999 +99999       +1546   +210   22 999 9999 +999 9999 +999 00 00 L1C CF
G99 99 59546 052200 0780 099 0099 +9999999999 +99999       +1555   -269   16 999 9999 +999 9999 +999 00 00 L1C E0
G99 99 59546 053800 0780 099 0099 +9999999999 +99999       +1568    +38   22 999 9999 +999 9999 +999 00 00 L1C D0
G99 99 59546 055400 0780 099 0099 +9999999999 +99999       +1553    +66   24 999 9999 +999 9999 +999 00 00 L1C CB
G99 99 59546 061000 0780 099 0099 +9999999999 +99999       +1558   -442   25 999 9999 +999 9999 +999 00 00 L1C DA
G99 99 59546 062600 0780 099 0099 +9999999999 +99999       +1534   -534   23 999 9999 +999 9999 +999 00 00 L1C DB
G99 99 59546 064200 0780 099 0099 +9999999999 +99999       +1531     -7   18 999 9999 +999 9999 +999 00 00 L1C B5
G99 99 59546 065800 0780 099 0099 +9999999999 +99999       +1520    -97   19 999 9999 +999 9999 +999 00 00 L1C D4
G99 99 59546 071400 0780 099 0099 +9999999999 +99999       +1536   -370   17 999 9999 +999 9999 +999 00 00 L1C DC
G99 99 59546 073000 0780 099 0099 +9999999999 +99999       +1525   +649   26 999 9999 +999 9999 +999 00 00 L1C DF
G99 99 59546 074600 0780 099 0099 +9999999999 +99999       +1539   +773   27 999 9999 +999 9999 +999 00 00 L1C EA
G99 99 59546 080200 0780 099 0099 +9999999999 +99999       +1550   +381   24 999 9999 +999 9999 +999 00 00 L1C D4
G99 99 59546 081800 0780 099 0099 +9999999999 +99999       +1578   +612   28 999 9999 +999 9999 +999 00 00 L1C E6
G99 99 59546 083400 0780 099 0099 +9999999999 +99999       +1556  -1593   36 999 9999 +999 9999 +999 00 00 L1C FA
G99 99 59546 085000 0780 099 0099 +9999999999 +99999       +1546    -36   21 999 9999 +999 9999 +999 00 00 L1C C8
G99 99 59546 090600 0780 099 0099 +9999999999 +99999       +1542   +559   28 999 9999 +999 9999 +999 00 00 L1C E5
G99 99 59546 092200 0780 099 0099 +9999999999 +99999       +1564    +10   22 999 9999 +999 9999 +999 00 00 L1C BF
G99 99 59546 093800 0780 099 0099 +9999999999 +99999       +1536    -80   28 999 9999 +999 9999 +999 00 00 L1C D4
G99 99 59546 100600 0780 099 0099 +9999999999 +99999       +1520   -288   23 999 9999 +999 9999 +999 00 00 L1C D5
G99 99 59546 102200 0780 099 0099 +9999999999 +99999       +1537   +349   26 999 9999 +999 9999 +999 00 00 L1C DA
G99 99 59546 103800 0780 099 0099 +9999999999 +99999       +1502   -643   28 999 9999 +999 9999 +999 00 00 L1C DA
G99 99 59546 105400 0780 099 0099 +9999999999 +99999       +1507   +573   22 999 9999 +999 9999 +999 00 00 L1C D7
G99 99 59546 111000 0780 099 0099 +9999999999 +99999       +1495   -608   27 999 9999 +999 9999 +999 00 00 L1C DC
G99 99 59546 112600 0780 099 0099 +9999999999 +99999       +1499   -819   30 999 9999 +999 9999 +999 00 00 L1C E5
G99 99 59546 114200 0780 099 0099 +9999999999 +99999       +1520   +340   24 999 9999 +999 9999 +999 00 00 L1C CA
G99 99 59546 115800 0780 099 0099 +9999999999 +99999       +1504   +112   22 999 9999 +999 9999 +999 00 00 L1C CE
G99 99 59546 121400 0780 099 0099 +9999999999 +99999       +1507   +312   19 999 9999 +999 9999 +999 00 00 L1C D2
G99 99 59546 123000 0780 099 0099 +9999999999 +99999       +1505     +8   28 999 9999 +999 9999 +999 00 00 L1C B0
G99 99 59546 124600 0780 099 0099 +9999999999 +99999       +1471    +75   30 999 9999 +999 9999 +999 00 00 L1C C6
G99 99 59546 130200 0780 099 0099 +9999999999 +99999       +1469   +433   21 999 9999 +999 9999 +999 00 00 L1C D4
G99 99 59546 131800 0780 099 0099 +9999999999 +99999       +1480   +298   30 999 9999 +999 9999 +999 00 00 L1C DD
G99 99 59546 133400 0780 099 0099 +9999999999 +99999       +1480     -4   22 999 9999 +999 9999 +999 00 00 L1C AF
G99 99 59546 140600 0780 099 0099 +9999999999 +99999       +1436  -1030   30 999 9999 +999 9999 +999 00 00 L1C DF
G99 99 59546 142200 0780 099 0099 +9999999999 +99999       +1420    -36   30 999 9999 +999 9999 +999 00 00 L1C BB
G99 99 59546 143800 0780 099 0099 +9999999999 +99999       +1439    +78   25 999 9999 +999 9999 +999 00 00 L1C D4
G99 99 59546 145400 0780 099 0099 +9999999999 +99999       +1476   -833   29 999 9999 +999 9999 +999 00 00 L1C E8
G99 99 59546 151000 0780 099 0099 +9999999999 +99999       +1428   -914   32 999 9999 +999 9999 +999 00 00 L1C D8
G99 99 59546 152600 0780 099 0099 +9999999999 +99999       +1428     +0   18 999 9999 +999 9999 +999 00 00 L1C B3
G99 99 59546 154200 0780 099 0099 +9999999999 +99999       +1406   +700   28 999 9999 +999 9999 +999 00 00 L1C D5
G99 99 59546 155800 0780 099 0099 +9999999999 +99999       +1419  -1120   33 999 9999 +999 9999 +999 00 00 L1C EB
G99 99 59546 161400 0780 099 0099 +9999999999 +99999       +1419    +20   23 999 9999 +999 9999 +999 00 00 L1C BF
G99 99 59546 163000 0780 099 0099 +9999999999 +99999       +1440    -90   20 999 9999 +999 9999 +999 00 00 L1C BD
G99 99 59546 164600 0780 099 0099 +9999999999 +99999       +1447   -677   25 999 9999 +999 9999 +999 00 00 L1C EB
G99 99 59546 170200 0780 099 0099 +9999999999 +99999       +1447   +906   28 999 9999 +999 9999 +999 00 00 L1C E0
G99 99 59546 171800 0780 099 0099 +9999999999 +99999       +1475  +1026   35 999 9999 +999 9999 +999 00 00 L1C F0
G99 99 59546 173400 0780 099 0099 +9999999999 +99999       +1496   -427   24 999 9999 +999 9999 +999 00 00 L1C E5
G99 99 59546 175000 0780 099 0099 +9999999999 +99999       +1506   +123   27 999 9999 +999 9999 +999 00 00 L1C D5
G99 99 59546 180600 0780 099 0099 +9999999999 +99999       +1514  -1151   35 999 9999 +999 9999 +999 00 00 L1C E9
G99 99 59546 182200 0780 099 0099 +9999999999 +99999       +1501   +940   29 999 9999 +999 9999 +999 00 00 L1C D9
G99 99 59546 183800 0780 099 0099 +9999999999 +99999       +1510   +330   24 999 9999 +999 9999 +999 00 00 L1C D4
G99 99 59546 185400 0780 099 0099 +9999999999 +99999       +1499   -109   23 999 9999 +999 9999 +999 00 00 L1C E7
G99 99 59546 191000 0780 099 0099 +9999999999 +99999       +1513   -197   23 999 9999 +999 9999 +999 00 00 L1C DA
G99 99 59546 192600 0780 099 0099 +9999999999 +99999       +1518   -165   22 999 9999 +999 9999 +999 00 00 L1C E0
G99 99 59546 194200 0780 099 0099 +9999999999 +99999       +1515   -117   24 999 9999 +999 9999 +999 00 00 L1C DA
G99 99 59546 195800 0780 099 0099 +9999999999 +99999       +1513    +72   29 999 9999 +999 9999 +999 00 00 L1C D2
G99 99 59546 201400 0780 099 0099 +9999999999 +99999       +1544   +139   29 999 9999 +999 9999 +999 00 00 L1C DA
G99 99 59546 203000 0780 099 0099 +9999999999 +99999       +1511   -771   25 999 9999 +999 9999 +999 00 00 L1C D2
G99 99 59546 204600 0780 099 0099 +9999999999 +99999       +1498   +406   26 999 9999 +999 9999 +999 00 00 L1C E1
G99 99 59546 210200 0780 099 0099 +9999999999 +99999       +1538   +127   24 999 9999 +999 9999 +999 00 00 L1C D3
G99 99 59546 211800 0780 099 0099 +9999999999 +99999       +1539   -511   28 999 9999 +999 9999 +999 00 00 L1C DE
G99 99 59546 213400 0780 099 0099 +9999999999 +99999       +1528   -228   29 999 9999 +999 9999 +999 00 00 L1C E0
G99 99 59546 215000 0780 099 0099 +9999999999 +99999       +1527   -668   29 999 9999 +999 9999 +999 00 00 L1C E5
G99 99 59546 220600 0780 099 0099 +9999999999 +99999       +1500   +111   30 999 9999 +999 9999 +999 00 00 L1C C3
G99 99 59546 222200 0780 099 0099 +9999999999 +99999       +1511   -934   32 999 9999 +999 9999 +999 00 00 L1C D4
G99 99 59546 223800 0780 099 0099 +9999999999 +99999       +1519   +156   25 999 9999 +999 9999 +999 00 00 L1C DF
G99 99 59546 225400 0780 099 0099 +9999999999 +99999       +1508   -367   25 999 9999 +999 9999 +999 00 00 L1C E1
G99 99 59546 231000 0780 099 0099 +9999999999 +99999       +1515   +720   24 999 9999 +999 9999 +999 00 00 L1C CE
G99 99 59546 232600 0780 099 0099 +9999999999 +99999       +1543   -558   29 999 9999 +999 9999 +999 00 00 L1C E6
G99 99 59546 234200 0780 099 0099 +9999999999 +99999       +1534   -571   29 999 9999 +999 9999 +999 00 00 L1C DF
