CGGTTS GENERIC DATA FORMAT VERSION = 2E
REV DATE = 2014-02-20
RCVR = GORGYTIMING SYREF25 18259999 2018 v00
CH = 12
IMS = 99999
LAB = SY82
X = +4314143.824 m
Y =  +452633.241 m
Z = +4660711.385 m
FRAME = ITRF
COMMENTS = NO COMMENTS
SYS DLY = 000.0 ns (GPS C1)     CAL_ID = NA
CAB DLY = 000.0 ns
REF DLY = 000.0 ns
REF = REF(SY82)
CKSUM = CE

SAT CL  MJD  STTIME TRKL ELV AZTH   REFSV      SRSV     REFSYS    SRSYS  DSG IOE MDTR SMDT MDIO SMDI FR HC FRC CK
             hhmmss s   .1dg .1dg    .1ns     .1ps/s     .1ns    .1ps/s .1ns     .1ns.1ps/s.1ns.1ps/s
G99 99 59552 001000 0780 099 0099 +9999999999 +99999       +1508    -85   17 999 9999 +999 9999 +999 00 00 L1C C0
G99 99 59552 002600 0780 099 0099 +9999999999 +99999       +1499   +284   19 999 9999 +999 9999 +999 00 00 L1C E1
G99 99 59552 004200 0780 099 0099 +9999999999 +99999       +1497   +137   22 999 9999 +999 9999 +999 00 00 L1C D4
G99 99 59552 005800 0780 099 0099 +9999999999 +99999       +1517  +1336   28 999 9999 +999 9999 +999 00 00 L1C EC
G99 99 59552 011400 0780 099 0099 +9999999999 +99999       +1529   +364   25 999 9999 +999 9999 +999 00 00 L1C D5
G99 99 59552 013000 0780 099 0099 +9999999999 +99999       +1518   -610   21 999 9999 +999 9999 +999 00 00 L1C C9
G99 99 59552 014600 0780 099 0099 +9999999999 +99999       +1512   -509   23 999 9999 +999 9999 +999 00 00 L1C D3
G99 99 59552 020200 0780 099 0099 +9999999999 +99999       +1493   -209   19 999 9999 +999 9999 +999 00 00 L1C D6
G99 99 59552 021800 0780 099 0099 +9999999999 +99999       +1500   -747   24 999 9999 +999 9999 +999 00 00 L1C D5
G99 99 59552 023400 0780 099 0099 +9999999999 +99999       +1506    -90   28 999 9999 +999 9999 +999 00 00 L1C C4
G99 99 59552 025000 0780 099 0099 +9999999999 +99999       +1524   -724   21 999 9999 +999 9999 +999 00 00 L1C CF
G99 99 59552 030600 0780 099 0099 +9999999999 +99999       +1508    +79   19 999 9999 +999 9999 +999 00 00 L1C CB
G99 99 59552 032200 0780 099 0099 +9999999999 +99999       +1488   +256   24 999 9999 +999 9999 +999 00 00 L1C D9
G99 99 59552 033800 0780 099 0099 +9999999999 +99999       +1502    -70   19 999 9999 +999 9999 +999 00 00 L1C C3
G99 99 59552 035400 0780 099 0099 +9999999999 +99999       +1528   -370   15 999 9999 +999 9999 +999 00 00 L1C D8
G99 99 59552 041000 0780 099 0099 +9999999999 +99999       +1507    -79   24 999 9999 +999 9999 +999 00 00 L1C C4
G99 99 59552 042600 0780 099 0099 +9999999999 +99999       +1503   -172   18 999 9999 +999 9999 +999 00 00 L1C D4
G99 99 59552 044200 0780 099 0099 +9999999999 +99999       +1508   +480   22 999 9999 +999 9999 +999 00 00 L1C D2
G99 99 59552 045800 0780 099 0099 +9999999999 +99999       +1531   +508   17 999 9999 +999 9999 +999 00 00 L1C DA
G99 99 59552 051400 0780 099 0099 +9999999999 +99999       +1551   +175   17 999 9999 +999 9999 +999 00 00 L1C D5
G99 99 59552 053000 0780 099 0099 +9999999999 +99999       +1557   -829   24 999 9999 +999 9999 +999 00 00 L1C DF
G99 99 59552 054600 0780 099 0099 +9999999999 +99999       +1548   +118   19 999 9999 +999 9999 +999 00 00 L1C DF
G99 99 59552 060200 0780 099 0099 +9999999999 +99999       +1527   -566   21 999 9999 +999 9999 +999 00 00 L1C D7
G99 99 59552 061800 0780 099 0099 +9999999999 +99999       +1524    +45   14 999 9999 +999 9999 +999 00 00 L1C C3
G99 99 59552 063400 0780 099 0099 +9999999999 +99999       +1525   +437   16 999 9999 +999 9999 +999 00 00 L1C D9
G99 99 59552 065000 0780 099 0099 +9999999999 +99999       +1543   -231   20 999 9999 +999 9999 +999 00 00 L1C CC
G99 99 59552 070600 0780 099 0099 +9999999999 +99999       +1533   +788   23 999 9999 +999 9999 +999 00 00 L1C DF
G99 99 59552 072200 0780 099 0099 +9999999999 +99999       +1552    +97   16 999 9999 +999 9999 +999 00 00 L1C C9
G99 99 59552 073800 0780 099 0099 +9999999999 +99999       +1563  +1074   28 999 9999 +999 9999 +999 00 00 L1C F1
G99 99 59552 075400 0780 099 0099 +9999999999 +99999       +1582   +218   25 999 9999 +999 9999 +999 00 00 L1C DC
G99 99 59552 081000 0780 099 0099 +9999999999 +99999       +1554  -1105   30 999 9999 +999 9999 +999 00 00 L1C DE
G99 99 59552 082600 0780 099 0099 +9999999999 +99999       +1549   +332   24 999 9999 +999 9999 +999 00 00 L1C DB
G99 99 59552 084200 0780 099 0099 +9999999999 +99999       +1567   +236   21 999 9999 +999 9999 +999 00 00 L1C D9
G99 99 59552 085800 0780 099 0099 +9999999999 +99999       +1571   -244   23 999 9999 +999 9999 +999 00 00 L1C DE
G99 99 59552 091400 0780 099 0099 +9999999999 +99999       +1555   +329   20 999 9999 +999 9999 +999 00 00 L1C D8
G99 99 59552 094200 0780 099 0099 +9999999999 +99999       +1559   -407   19 999 9999 +999 9999 +999 00 00 L1C E4
G99 99 59552 095800 0780 099 0099 +9999999999 +99999       +1569   +801   24 999 9999 +999 9999 +999 00 00 L1C E4
G99 99 59552 101400 0780 099 0099 +9999999999 +99999       +1549   +179   28 999 9999 +999 9999 +999 00 00 L1C DE
G99 99 59552 103000 0780 099 0099 +9999999999 +99999       +1564   -746   28 999 9999 +999 9999 +999 00 00 L1C DB
G99 99 59552 104600 0780 099 0099 +9999999999 +99999       +1557    +23   21 999 9999 +999 9999 +999 00 00 L1C BF
G99 99 59552 110200 0780 099 0099 +9999999999 +99999       +1558   -479   21 999 9999 +999 9999 +999 00 00 L1C DA
G99 99 59552 111800 0780 099 0099 +9999999999 +99999       +1564   -309   23 999 9999 +999 9999 +999 00 00 L1C D8
G99 99 59552 113400 0780 099 0099 +9999999999 +99999       +1543    -89   21 999 9999 +999 9999 +999 00 00 L1C C6
G99 99 59552 115000 0780 099 0099 +9999999999 +99999       +1545    -88   20 999 9999 +999 9999 +999 00 00 L1C C4
G99 99 59552 120600 0780 099 0099 +9999999999 +99999       +1548   -562   21 999 9999 +999 9999 +999 00 00 L1C D7
G99 99 59552 122200 0780 099 0099 +9999999999 +99999       +1514   +441   19 999 9999 +999 9999 +999 00 00 L1C CF
G99 99 59552 123800 0780 099 0099 +9999999999 +99999       +1518    +52   14 999 9999 +999 9999 +999 00 00 L1C C3
G99 99 59552 125400 0780 099 0099 +9999999999 +99999       +1531   +434   22 999 9999 +999 9999 +999 00 00 L1C CF
G99 99 59552 131000 0780 099 0099 +9999999999 +99999       +1539   -506   19 999 9999 +999 9999 +999 00 00 L1C D8
G99 99 59552 134200 0780 099 0099 +9999999999 +99999       +1506   -735   23 999 9999 +999 9999 +999 00 00 L1C D6
G99 99 59552 135800 0780 099 0099 +9999999999 +99999       +1491   -390   20 999 9999 +999 9999 +999 00 00 L1C DA
G99 99 59552 141400 0780 099 0099 +9999999999 +99999       +1505   +171   23 999 9999 +999 9999 +999 00 00 L1C CD
G99 99 59552 143000 0780 099 0099 +9999999999 +99999       +1525   -825   24 999 9999 +999 9999 +999 00 00 L1C D6
G99 99 59552 144600 0780 099 0099 +9999999999 +99999       +1482   -182   25 999 9999 +999 9999 +999 00 00 L1C DC
G99 99 59552 150200 0780 099 0099 +9999999999 +99999       +1475   -353   22 999 9999 +999 9999 +999 00 00 L1C D4
G99 99 59552 151800 0780 099 0099 +9999999999 +99999       +1454   +343   23 999 9999 +999 9999 +999 00 00 L1C D6
G99 99 59552 153400 0780 099 0099 +9999999999 +99999       +1464   -580   29 999 9999 +999 9999 +999 00 00 L1C E0
G99 99 59552 155000 0780 099 0099 +9999999999 +99999       +1456   +209   25 999 9999 +999 9999 +999 00 00 L1C D7
G99 99 59552 160600 0780 099 0099 +9999999999 +99999       +1476   +120   22 999 9999 +999 9999 +999 00 00 L1C D0
G99 99 59552 162200 0780 099 0099 +9999999999 +99999       +1476   -257   30 999 9999 +999 9999 +999 00 00 L1C DA
G99 99 59552 163800 0780 099 0099 +9999999999 +99999       +1483   +438   20 999 9999 +999 9999 +999 00 00 L1C DD
G99 99 59552 165400 0780 099 0099 +9999999999 +99999       +1509   +167   27 999 9999 +999 9999 +999 00 00 L1C E0
G99 99 59552 171000 0780 099 0099 +9999999999 +99999       +1519    -57   25 999 9999 +999 9999 +999 00 00 L1C C8
G99 99 59552 172600 0780 099 0099 +9999999999 +99999       +1513   +752   27 999 9999 +999 9999 +999 00 00 L1C DB
G99 99 59552 174200 0780 099 0099 +9999999999 +99999       +1513  -1752   36 999 9999 +999 9999 +999 00 00 L1C EC
G99 99 59552 175800 0780 099 0099 +9999999999 +99999       +1501   +225   23 999 9999 +999 9999 +999 00 00 L1C D4
G99 99 59552 181400 0780 099 0099 +9999999999 +99999       +1496   +133   24 999 9999 +999 9999 +999 00 00 L1C D9
G99 99 59552 183000 0780 099 0099 +9999999999 +99999       +1506    +83   23 999 9999 +999 9999 +999 00 00 L1C C2
G99 99 59552 184600 0780 099 0099 +9999999999 +99999       +1527   -224   26 999 9999 +999 9999 +999 00 00 L1C DE
G99 99 59552 190200 0780 099 0099 +9999999999 +99999       +1524   +331   24 999 9999 +999 9999 +999 00 00 L1C CF
G99 99 59552 191800 0780 099 0099 +9999999999 +99999       +1514    +74   20 999 9999 +999 9999 +999 00 00 L1C C5
G99 99 59552 193400 0780 099 0099 +9999999999 +99999       +1521   +166   22 999 9999 +999 9999 +999 00 00 L1C D5
G99 99 59552 195000 0780 099 0099 +9999999999 +99999       +1535    -73   22 999 9999 +999 9999 +999 00 00 L1C C7
G99 99 59552 200600 0780 099 0099 +9999999999 +99999       +1523   -893   26 999 9999 +999 9999 +999 00 00 L1C DB
G99 99 59552 202200 0780 099 0099 +9999999999 +99999       +1503   +502   26 999 9999 +999 9999 +999 00 00 L1C C8
G99 99 59552 203800 0780 099 0099 +9999999999 +99999       +1545   +465   25 999 9999 +999 9999 +999 00 00 L1C DC
G99 99 59552 205400 0780 099 0099 +9999999999 +99999       +1537   -545   26 999 9999 +999 9999 +999 00 00 L1C DD
G99 99 59552 211000 0780 099 0099 +9999999999 +99999       +1546     +0   29 999 9999 +999 9999 +999 00 00 L1C A9
G99 99 59552 212600 0780 099 0099 +9999999999 +99999       +1528   -477   32 999 9999 +999 9999 +999 00 00 L1C DE
G99 99 59552 214200 0780 099 0099 +9999999999 +99999       +1508   -230   22 999 9999 +999 9999 +999 00 00 L1C CC
G99 99 59552 215800 0780 099 0099 +9999999999 +99999       +1504   -485   27 999 9999 +999 9999 +999 00 00 L1C E0
G99 99 59552 221400 0780 099 0099 +9999999999 +99999       +1515   -320   25 999 9999 +999 9999 +999 00 00 L1C CD
G99 99 59552 223000 0780 099 0099 +9999999999 +99999       +1487   -751   25 999 9999 +999 9999 +999 00 00 L1C DB
G99 99 59552 224600 0780 099 0099 +9999999999 +99999       +1507   +397   26 999 9999 +999 9999 +999 00 00 L1C E0
G99 99 59552 230200 0780 099 0099 +9999999999 +99999       +1536   -745   28 999 9999 +999 9999 +999 00 00 L1C DC
G99 99 59552 231800 0780 099 0099 +9999999999 +99999       +1515   -374   31 999 9999 +999 9999 +999 00 00 L1C D8
G99 99 59552 233400 0780 099 0099 +9999999999 +99999       +1509   -581   25 999 9999 +999 9999 +999 00 00 L1C DC
G99 99 59552 235000 0780 099 0099 +9999999999 +99999       +1514     +4   21 999 9999 +999 9999 +999 00 00 L1C A6
