CGGTTS GENERIC DATA FORMAT VERSION = 2E
REV DATE = 2014-02-20
RCVR = GORGYTIMING SYREF25 18259999 2018 v00
CH = 12
IMS = 99999
LAB = SY82
X = +4314143.824 m
Y =  +452633.241 m
Z = +4660711.385 m
FRAME = ITRF
COMMENTS = NO COMMENTS
SYS DLY = 000.0 ns (GPS C1)     CAL_ID = NA
CAB DLY = 000.0 ns
REF DLY = 000.0 ns
REF = REF(SY82)
CKSUM = CE

SAT CL  MJD  STTIME TRKL ELV AZTH   REFSV      SRSV     REFSYS    SRSYS  DSG IOE MDTR SMDT MDIO SMDI FR HC FRC CK
             hhmmss s   .1dg .1dg    .1ns     .1ps/s     .1ns    .1ps/s .1ns     .1ns.1ps/s.1ns.1ps/s
G99 99 59555 001400 0780 099 0099 +9999999999 +99999       +1518   +189   17 999 9999 +999 9999 +999 00 00 L1C DB
G99 99 59555 003000 0780 099 0099 +9999999999 +99999       +1503   +298   25 999 9999 +999 9999 +999 00 00 L1C D3
G99 99 59555 004600 0780 099 0099 +9999999999 +99999       +1528  +1296   34 999 9999 +999 9999 +999 00 00 L1C F0
G99 99 59555 010200 0780 099 0099 +9999999999 +99999       +1529   -277   24 999 9999 +999 9999 +999 00 00 L1C D9
G99 99 59555 011800 0780 099 0099 +9999999999 +99999       +1533    -39   19 999 9999 +999 9999 +999 00 00 L1C CB
G99 99 59555 013400 0780 099 0099 +9999999999 +99999       +1514   -165   24 999 9999 +999 9999 +999 00 00 L1C D4
G99 99 59555 015000 0780 099 0099 +9999999999 +99999       +1495   -509   21 999 9999 +999 9999 +999 00 00 L1C D9
G99 99 59555 020600 0780 099 0099 +9999999999 +99999       +1506   -633   26 999 9999 +999 9999 +999 00 00 L1C D7
G99 99 59555 022200 0780 099 0099 +9999999999 +99999       +1510   -181   17 999 9999 +999 9999 +999 00 00 L1C CE
G99 99 59555 023800 0780 099 0099 +9999999999 +99999       +1519    +69   22 999 9999 +999 9999 +999 00 00 L1C CD
G99 99 59555 025400 0780 099 0099 +9999999999 +99999       +1492    -51   25 999 9999 +999 9999 +999 00 00 L1C C7
G99 99 59555 031000 0780 099 0099 +9999999999 +99999       +1477   -112   20 999 9999 +999 9999 +999 00 00 L1C CC
G99 99 59555 032600 0780 099 0099 +9999999999 +99999       +1477    -60   20 999 9999 +999 9999 +999 00 00 L1C C5
G99 99 59555 034200 0780 099 0099 +9999999999 +99999       +1508    +74   19 999 9999 +999 9999 +999 00 00 L1C C9
G99 99 59555 035800 0780 099 0099 +9999999999 +99999       +1500    +79   23 999 9999 +999 9999 +999 00 00 L1C C8
G99 99 59555 041400 0780 099 0099 +9999999999 +99999       +1494   -322   23 999 9999 +999 9999 +999 00 00 L1C D6
G99 99 59555 043000 0780 099 0099 +9999999999 +99999       +1494   +475   23 999 9999 +999 9999 +999 00 00 L1C DB
G99 99 59555 044600 0780 099 0099 +9999999999 +99999       +1509   +385   22 999 9999 +999 9999 +999 00 00 L1C DE
G99 99 59555 050200 0780 099 0099 +9999999999 +99999       +1534   -499   27 999 9999 +999 9999 +999 00 00 L1C E2
G99 99 59555 051800 0780 099 0099 +9999999999 +99999       +1528   -594   25 999 9999 +999 9999 +999 00 00 L1C E6
G99 99 59555 053400 0780 099 0099 +9999999999 +99999       +1529   +126   25 999 9999 +999 9999 +999 00 00 L1C DA
G99 99 59555 055000 0780 099 0099 +9999999999 +99999       +1517   -425   24 999 9999 +999 9999 +999 00 00 L1C D8
G99 99 59555 060600 0780 099 0099 +9999999999 +99999       +1508   -269   24 999 9999 +999 9999 +999 00 00 L1C E0
G99 99 59555 062200 0780 099 0099 +9999999999 +99999       +1500   +618   23 999 9999 +999 9999 +999 00 00 L1C D1
G99 99 59555 063800 0780 099 0099 +9999999999 +99999       +1519    -58   23 999 9999 +999 9999 +999 00 00 L1C D2
G99 99 59555 065400 0780 099 0099 +9999999999 +99999       +1504  +1032   26 999 9999 +999 9999 +999 00 00 L1C E4
G99 99 59555 071000 0780 099 0099 +9999999999 +99999       +1532   +104   22 999 9999 +999 9999 +999 00 00 L1C C9
G99 99 59555 072600 0780 099 0099 +9999999999 +99999       +1526   +573   24 999 9999 +999 9999 +999 00 00 L1C DF
G99 99 59555 074200 0780 099 0099 +9999999999 +99999       +1554   +708   32 999 9999 +999 9999 +999 00 00 L1C DD
G99 99 59555 075800 0780 099 0099 +9999999999 +99999       +1540   -781   26 999 9999 +999 9999 +999 00 00 L1C E5
G99 99 59555 081400 0780 099 0099 +9999999999 +99999       +1532   -583   27 999 9999 +999 9999 +999 00 00 L1C E0
G99 99 59555 083000 0780 099 0099 +9999999999 +99999       +1535   +203   34 999 9999 +999 9999 +999 00 00 L1C D2
G99 99 59555 084600 0780 099 0099 +9999999999 +99999       +1553   -506   26 999 9999 +999 9999 +999 00 00 L1C E2
G99 99 59555 090200 0780 099 0099 +9999999999 +99999       +1534   -576   24 999 9999 +999 9999 +999 00 00 L1C DF
G99 99 59555 093000 0780 099 0099 +9999999999 +99999       +1528   -324   22 999 9999 +999 9999 +999 00 00 L1C D8
G99 99 59555 094600 0780 099 0099 +9999999999 +99999       +1552   +282   29 999 9999 +999 9999 +999 00 00 L1C E4
G99 99 59555 100200 0780 099 0099 +9999999999 +99999       +1524   +463   30 999 9999 +999 9999 +999 00 00 L1C CC
G99 99 59555 101800 0780 099 0099 +9999999999 +99999       +1539   +197   30 999 9999 +999 9999 +999 00 00 L1C DD
G99 99 59555 103400 0780 099 0099 +9999999999 +99999       +1516   -584   29 999 9999 +999 9999 +999 00 00 L1C E0
G99 99 59555 105000 0780 099 0099 +9999999999 +99999       +1534   -220   25 999 9999 +999 9999 +999 00 00 L1C CD
G99 99 59555 110600 0780 099 0099 +9999999999 +99999       +1531  -1131   31 999 9999 +999 9999 +999 00 00 L1C DB
G99 99 59555 112200 0780 099 0099 +9999999999 +99999       +1540   -130   24 999 9999 +999 9999 +999 00 00 L1C C9
G99 99 59555 113800 0780 099 0099 +9999999999 +99999       +1545    -87   25 999 9999 +999 9999 +999 00 00 L1C D1
G99 99 59555 115400 0780 099 0099 +9999999999 +99999       +1546   -506   22 999 9999 +999 9999 +999 00 00 L1C D9
G99 99 59555 121000 0780 099 0099 +9999999999 +99999       +1526   +791   23 999 9999 +999 9999 +999 00 00 L1C D5
G99 99 59555 122600 0780 099 0099 +9999999999 +99999       +1510   +131   28 999 9999 +999 9999 +999 00 00 L1C CE
G99 99 59555 124200 0780 099 0099 +9999999999 +99999       +1530   +747   33 999 9999 +999 9999 +999 00 00 L1C D7
G99 99 59555 125800 0780 099 0099 +9999999999 +99999       +1537   -580   26 999 9999 +999 9999 +999 00 00 L1C E4
G99 99 59555 133000 0780 099 0099 +9999999999 +99999       +1488   -811   26 999 9999 +999 9999 +999 00 00 L1C DD
G99 99 59555 134600 0780 099 0099 +9999999999 +99999       +1484   +188   28 999 9999 +999 9999 +999 00 00 L1C E7
G99 99 59555 140200 0780 099 0099 +9999999999 +99999       +1495   -275   29 999 9999 +999 9999 +999 00 00 L1C E2
G99 99 59555 141800 0780 099 0099 +9999999999 +99999       +1515  -1073   30 999 9999 +999 9999 +999 00 00 L1C E7
G99 99 59555 143400 0780 099 0099 +9999999999 +99999       +1475   -265   32 999 9999 +999 9999 +999 00 00 L1C DE
G99 99 59555 145000 0780 099 0099 +9999999999 +99999       +1469   -116   27 999 9999 +999 9999 +999 00 00 L1C DE
G99 99 59555 150600 0780 099 0099 +9999999999 +99999       +1454  +1075   34 999 9999 +999 9999 +999 00 00 L1C EB
G99 99 59555 152200 0780 099 0099 +9999999999 +99999       +1469   -826   29 999 9999 +999 9999 +999 00 00 L1C E8
G99 99 59555 153800 0780 099 0099 +9999999999 +99999       +1458    -73   26 999 9999 +999 9999 +999 00 00 L1C D4
G99 99 59555 155400 0780 099 0099 +9999999999 +99999       +1480   +988   32 999 9999 +999 9999 +999 00 00 L1C E7
G99 99 59555 161000 0780 099 0099 +9999999999 +99999       +1476   -846   35 999 9999 +999 9999 +999 00 00 L1C E3
G99 99 59555 162600 0780 099 0099 +9999999999 +99999       +1483    +50   29 999 9999 +999 9999 +999 00 00 L1C CC
G99 99 59555 164200 0780 099 0099 +9999999999 +99999       +1508   -394   32 999 9999 +999 9999 +999 00 00 L1C DF
G99 99 59555 165800 0780 099 0099 +9999999999 +99999       +1510   -665   28 999 9999 +999 9999 +999 00 00 L1C E5
G99 99 59555 171400 0780 099 0099 +9999999999 +99999       +1509   +691   24 999 9999 +999 9999 +999 00 00 L1C DF
G99 99 59555 173000 0780 099 0099 +9999999999 +99999       +1490  -1850   43 999 9999 +999 9999 +999 00 00 L1C ED
G99 99 59555 174600 0780 099 0099 +9999999999 +99999       +1496   +645   28 999 9999 +999 9999 +999 00 00 L1C EC
G99 99 59555 180200 0780 099 0099 +9999999999 +99999       +1494   -130   20 999 9999 +999 9999 +999 00 00 L1C D2
G99 99 59555 181800 0780 099 0099 +9999999999 +99999       +1500   +590   28 999 9999 +999 9999 +999 00 00 L1C DD
G99 99 59555 183400 0780 099 0099 +9999999999 +99999       +1509    -77   20 999 9999 +999 9999 +999 00 00 L1C CE
G99 99 59555 185000 0780 099 0099 +9999999999 +99999       +1531   -304   25 999 9999 +999 9999 +999 00 00 L1C D5
G99 99 59555 190600 0780 099 0099 +9999999999 +99999       +1519   +399   22 999 9999 +999 9999 +999 00 00 L1C E6
G99 99 59555 192200 0780 099 0099 +9999999999 +99999       +1515   -172   26 999 9999 +999 9999 +999 00 00 L1C DB
G99 99 59555 193800 0780 099 0099 +9999999999 +99999       +1521   +582   25 999 9999 +999 9999 +999 00 00 L1C E1
G99 99 59555 195400 0780 099 0099 +9999999999 +99999       +1519   -738   26 999 9999 +999 9999 +999 00 00 L1C EC
G99 99 59555 201000 0780 099 0099 +9999999999 +99999       +1501   +322   25 999 9999 +999 9999 +999 00 00 L1C C5
G99 99 59555 202600 0779 099 0099 +9999999999 +99999       +1523   +117   25 999 9999 +999 9999 +999 00 00 L1C DA
G99 99 59555 204200 0780 099 0099 +9999999999 +99999       +1542   -764   26 999 9999 +999 9999 +999 00 00 L1C DC
G99 99 59555 205800 0780 099 0099 +9999999999 +99999       +1539   -354   26 999 9999 +999 9999 +999 00 00 L1C E4
G99 99 59555 211400 0780 099 0099 +9999999999 +99999       +1514   -244   25 999 9999 +999 9999 +999 00 00 L1C D3
G99 99 59555 213000 0780 099 0099 +9999999999 +99999       +1490    +48   20 999 9999 +999 9999 +999 00 00 L1C BF
G99 99 59555 214600 0780 099 0099 +9999999999 +99999       +1510   -615   23 999 9999 +999 9999 +999 00 00 L1C D4
G99 99 59555 220200 0780 099 0099 +9999999999 +99999       +1511   -829   23 999 9999 +999 9999 +999 00 00 L1C D5
G99 99 59555 221800 0780 099 0099 +9999999999 +99999       +1496   -608   18 999 9999 +999 9999 +999 00 00 L1C E7
G99 99 59555 223400 0780 099 0099 +9999999999 +99999       +1506   +917   24 999 9999 +999 9999 +999 00 00 L1C DB
G99 99 59555 225000 0780 099 0099 +9999999999 +99999       +1532   +305   24 999 9999 +999 9999 +999 00 00 L1C CF
G99 99 59555 230600 0780 099 0099 +9999999999 +99999       +1537   +553   28 999 9999 +999 9999 +999 00 00 L1C DF
G99 99 59555 232200 0780 099 0099 +9999999999 +99999       +1542   -168   22 999 9999 +999 9999 +999 00 00 L1C D7
G99 99 59555 233800 0780 099 0099 +9999999999 +99999       +1526     -6   20 999 9999 +999 9999 +999 00 00 L1C B5
G99 99 59555 235400 0780 099 0099 +9999999999 +99999       +1543   -158   18 999 9999 +999 9999 +999 00 00 L1C E1
