CGGTTS GENERIC DATA FORMAT VERSION = 2E
REV DATE = 2014-02-20
RCVR = GORGYTIMING SYREF25 18259999 2018 v00
CH = 12
IMS = 99999
LAB = SY82
X = +4314143.824 m
Y =  +452633.241 m
Z = +4660711.385 m
FRAME = ITRF
COMMENTS = NO COMMENTS
SYS DLY = 000.0 ns (GPS C1)     CAL_ID = NA
CAB DLY = 000.0 ns
REF DLY = 000.0 ns
REF = REF(SY82)
CKSUM = CE

SAT CL  MJD  STTIME TRKL ELV AZTH   REFSV      SRSV     REFSYS    SRSYS  DSG IOE MDTR SMDT MDIO SMDI FR HC FRC CK
             hhmmss s   .1dg .1dg    .1ns     .1ps/s     .1ns    .1ps/s .1ns     .1ns.1ps/s.1ns.1ps/s
G99 99 59551 001400 0780 099 0099 +9999999999 +99999       +1519   -202   21 999 9999 +999 9999 +999 00 00 L1C C7
G99 99 59551 003000 0780 099 0099 +9999999999 +99999       +1503   +179   24 999 9999 +999 9999 +999 00 00 L1C CC
G99 99 59551 004600 0780 099 0099 +9999999999 +99999       +1499   +747   30 999 9999 +999 9999 +999 00 00 L1C DF
G99 99 59551 010200 0780 099 0099 +9999999999 +99999       +1535  +1319   32 999 9999 +999 9999 +999 00 00 L1C DD
G99 99 59551 011800 0780 099 0099 +9999999999 +99999       +1537   -293   25 999 9999 +999 9999 +999 00 00 L1C DA
G99 99 59551 013400 0780 099 0099 +9999999999 +99999       +1537   -760   26 999 9999 +999 9999 +999 00 00 L1C D8
G99 99 59551 015000 0780 099 0099 +9999999999 +99999       +1525   -714   26 999 9999 +999 9999 +999 00 00 L1C D2
G99 99 59551 020600 0780 099 0099 +9999999999 +99999       +1498   -410   29 999 9999 +999 9999 +999 00 00 L1C D9
G99 99 59551 022200 0780 099 0099 +9999999999 +99999       +1532   -810   26 999 9999 +999 9999 +999 00 00 L1C CD
G99 99 59551 023800 0780 099 0099 +9999999999 +99999       +1530   -140   20 999 9999 +999 9999 +999 00 00 L1C C8
G99 99 59551 025400 0780 099 0099 +9999999999 +99999       +1526    -86   21 999 9999 +999 9999 +999 00 00 L1C C5
G99 99 59551 031000 0780 099 0099 +9999999999 +99999       +1513   +240   21 999 9999 +999 9999 +999 00 00 L1C C0
G99 99 59551 032600 0780 099 0099 +9999999999 +99999       +1487   -115   25 999 9999 +999 9999 +999 00 00 L1C D8
G99 99 59551 034200 0780 099 0099 +9999999999 +99999       +1497    -60   19 999 9999 +999 9999 +999 00 00 L1C C9
G99 99 59551 035800 0780 099 0099 +9999999999 +99999       +1521   +104   21 999 9999 +999 9999 +999 00 00 L1C CA
G99 99 59551 041400 0780 099 0099 +9999999999 +99999       +1499   +220   24 999 9999 +999 9999 +999 00 00 L1C D3
G99 99 59551 043000 0780 099 0099 +9999999999 +99999       +1503   -871   30 999 9999 +999 9999 +999 00 00 L1C CE
G99 99 59551 044600 0780 099 0099 +9999999999 +99999       +1521   +743   26 999 9999 +999 9999 +999 00 00 L1C D6
G99 99 59551 050200 0780 099 0099 +9999999999 +99999       +1528   -247   20 999 9999 +999 9999 +999 00 00 L1C D1
G99 99 59551 051800 0780 099 0099 +9999999999 +99999       +1547   +316   27 999 9999 +999 9999 +999 00 00 L1C DB
G99 99 59551 053400 0780 099 0099 +9999999999 +99999       +1540   -323   26 999 9999 +999 9999 +999 00 00 L1C D1
G99 99 59551 055000 0780 099 0099 +9999999999 +99999       +1536   -430   22 999 9999 +999 9999 +999 00 00 L1C CF
G99 99 59551 060600 0780 099 0099 +9999999999 +99999       +1520   -759   22 999 9999 +999 9999 +999 00 00 L1C D8
G99 99 59551 062200 0780 099 0099 +9999999999 +99999       +1518   +263   24 999 9999 +999 9999 +999 00 00 L1C D3
G99 99 59551 063800 0780 099 0099 +9999999999 +99999       +1508    -58   20 999 9999 +999 9999 +999 00 00 L1C C9
G99 99 59551 065400 0780 099 0099 +9999999999 +99999       +1529    +92   24 999 9999 +999 9999 +999 00 00 L1C CA
G99 99 59551 071000 0780 099 0099 +9999999999 +99999       +1520   +786   31 999 9999 +999 9999 +999 00 00 L1C D2
G99 99 59551 072600 0780 099 0099 +9999999999 +99999       +1532   +779   24 999 9999 +999 9999 +999 00 00 L1C E0
G99 99 59551 074200 0780 099 0099 +9999999999 +99999       +1550   +566   22 999 9999 +999 9999 +999 00 00 L1C D6
G99 99 59551 075800 0780 099 0099 +9999999999 +99999       +1569   +382   28 999 9999 +999 9999 +999 00 00 L1C E9
G99 99 59551 081400 0780 099 0099 +9999999999 +99999       +1559   -868   30 999 9999 +999 9999 +999 00 00 L1C E5
G99 99 59551 083000 0780 099 0099 +9999999999 +99999       +1539   -484   22 999 9999 +999 9999 +999 00 00 L1C DC
G99 99 59551 084600 0780 099 0099 +9999999999 +99999       +1545   +417   25 999 9999 +999 9999 +999 00 00 L1C DD
G99 99 59551 090200 0780 099 0099 +9999999999 +99999       +1557   -493   29 999 9999 +999 9999 +999 00 00 L1C E3
G99 99 59551 091800 0780 099 0099 +9999999999 +99999       +1531    -19   21 999 9999 +999 9999 +999 00 00 L1C C4
G99 99 59551 094600 0780 099 0099 +9999999999 +99999       +1511   +147   23 999 9999 +999 9999 +999 00 00 L1C D5
G99 99 59551 100200 0780 099 0099 +9999999999 +99999       +1529   +193   26 999 9999 +999 9999 +999 00 00 L1C D2
G99 99 59551 101800 0780 099 0099 +9999999999 +99999       +1505   -515   31 999 9999 +999 9999 +999 00 00 L1C CF
G99 99 59551 103400 0780 099 0099 +9999999999 +99999       +1503    +52   28 999 9999 +999 9999 +999 00 00 L1C BB
G99 99 59551 105000 0780 099 0099 +9999999999 +99999       +1485   -878   28 999 9999 +999 9999 +999 00 00 L1C E4
G99 99 59551 110600 0780 099 0099 +9999999999 +99999       +1494   -481   31 999 9999 +999 9999 +999 00 00 L1C D6
G99 99 59551 112200 0780 099 0099 +9999999999 +99999       +1496     +3   26 999 9999 +999 9999 +999 00 00 L1C AE
G99 99 59551 113800 0780 099 0099 +9999999999 +99999       +1484   +248   21 999 9999 +999 9999 +999 00 00 L1C D8
G99 99 59551 115400 0780 099 0099 +9999999999 +99999       +1491   -276   17 999 9999 +999 9999 +999 00 00 L1C DC
G99 99 59551 121000 0780 099 0099 +9999999999 +99999       +1493   +244   20 999 9999 +999 9999 +999 00 00 L1C CA
G99 99 59551 122600 0780 099 0099 +9999999999 +99999       +1468   +505   20 999 9999 +999 9999 +999 00 00 L1C D3
G99 99 59551 124200 0780 099 0099 +9999999999 +99999       +1460     -9   20 999 9999 +999 9999 +999 00 00 L1C AA
G99 99 59551 125800 0780 099 0099 +9999999999 +99999       +1477   +801   30 999 9999 +999 9999 +999 00 00 L1C D8
G99 99 59551 131400 0780 099 0099 +9999999999 +99999       +1487   -346   23 999 9999 +999 9999 +999 00 00 L1C DA
G99 99 59551 134600 0780 099 0099 +9999999999 +99999       +1430   -883   27 999 9999 +999 9999 +999 00 00 L1C DD
G99 99 59551 140200 0780 099 0099 +9999999999 +99999       +1413    +86   22 999 9999 +999 9999 +999 00 00 L1C BB
G99 99 59551 141800 0780 099 0099 +9999999999 +99999       +1426   +311   28 999 9999 +999 9999 +999 00 00 L1C D3
G99 99 59551 143400 0780 099 0099 +9999999999 +99999       +1452   -612   24 999 9999 +999 9999 +999 00 00 L1C D2
G99 99 59551 145000 0780 099 0099 +9999999999 +99999       +1431   -187   27 999 9999 +999 9999 +999 00 00 L1C D7
G99 99 59551 150600 0780 099 0099 +9999999999 +99999       +1427   -174   19 999 9999 +999 9999 +999 00 00 L1C DB
G99 99 59551 152200 0780 099 0099 +9999999999 +99999       +1408   +187   22 999 9999 +999 9999 +999 00 00 L1C D4
G99 99 59551 153800 0780 099 0099 +9999999999 +99999       +1426   -100   22 999 9999 +999 9999 +999 00 00 L1C CE
G99 99 59551 155400 0780 099 0099 +9999999999 +99999       +1416   -549   25 999 9999 +999 9999 +999 00 00 L1C DF
G99 99 59551 161000 0780 099 0099 +9999999999 +99999       +1449   +580   27 999 9999 +999 9999 +999 00 00 L1C D9
G99 99 59551 162600 0780 099 0099 +9999999999 +99999       +1438   -605   34 999 9999 +999 9999 +999 00 00 L1C DC
G99 99 59551 164200 0780 099 0099 +9999999999 +99999       +1460   -180   28 999 9999 +999 9999 +999 00 00 L1C D6
G99 99 59551 165800 0780 099 0099 +9999999999 +99999       +1477   +677   33 999 9999 +999 9999 +999 00 00 L1C EA
G99 99 59551 171400 0780 099 0099 +9999999999 +99999       +1493   +209   27 999 9999 +999 9999 +999 00 00 L1C DB
G99 99 59551 173000 0780 099 0099 +9999999999 +99999       +1500   +597   26 999 9999 +999 9999 +999 00 00 L1C D7
G99 99 59551 174600 0780 099 0099 +9999999999 +99999       +1500  -1194   36 999 9999 +999 9999 +999 00 00 L1C EB
G99 99 59551 180200 0780 099 0099 +9999999999 +99999       +1483   +486   25 999 9999 +999 9999 +999 00 00 L1C DD
G99 99 59551 181800 0780 099 0099 +9999999999 +99999       +1495   +350   22 999 9999 +999 9999 +999 00 00 L1C DA
G99 99 59551 183400 0780 099 0099 +9999999999 +99999       +1490   +118   25 999 9999 +999 9999 +999 00 00 L1C D8
G99 99 59551 185000 0780 099 0099 +9999999999 +99999       +1508   -622   23 999 9999 +999 9999 +999 00 00 L1C D6
G99 99 59551 190600 0780 099 0099 +9999999999 +99999       +1530    +69   24 999 9999 +999 9999 +999 00 00 L1C C7
G99 99 59551 192200 0780 099 0099 +9999999999 +99999       +1526   +184   23 999 9999 +999 9999 +999 00 00 L1C D7
G99 99 59551 193800 0780 099 0099 +9999999999 +99999       +1523     +4   26 999 9999 +999 9999 +999 00 00 L1C B5
G99 99 59551 195400 0780 099 0099 +9999999999 +99999       +1537   -364   24 999 9999 +999 9999 +999 00 00 L1C E1
G99 99 59551 201000 0780 099 0099 +9999999999 +99999       +1509    +43   27 999 9999 +999 9999 +999 00 00 L1C BB
G99 99 59551 202600 0780 099 0099 +9999999999 +99999       +1508   +202   23 999 9999 +999 9999 +999 00 00 L1C CA
G99 99 59551 204200 0780 099 0099 +9999999999 +99999       +1535   +551   31 999 9999 +999 9999 +999 00 00 L1C CE
G99 99 59551 205800 0780 099 0099 +9999999999 +99999       +1544   -780   34 999 9999 +999 9999 +999 00 00 L1C DE
G99 99 59551 211400 0780 099 0099 +9999999999 +99999       +1536   -182   26 999 9999 +999 9999 +999 00 00 L1C D5
G99 99 59551 213000 0780 099 0099 +9999999999 +99999       +1526   -337   28 999 9999 +999 9999 +999 00 00 L1C D6
G99 99 59551 214600 0780 099 0099 +9999999999 +99999       +1509   -259   25 999 9999 +999 9999 +999 00 00 L1C DE
G99 99 59551 220200 0780 099 0099 +9999999999 +99999       +1515   -857   27 999 9999 +999 9999 +999 00 00 L1C DA
G99 99 59551 221800 0780 099 0099 +9999999999 +99999       +1518   -526   25 999 9999 +999 9999 +999 00 00 L1C DB
G99 99 59551 223400 0780 099 0099 +9999999999 +99999       +1495   -232   25 999 9999 +999 9999 +999 00 00 L1C D7
G99 99 59551 225000 0780 099 0099 +9999999999 +99999       +1509   +547   18 999 9999 +999 9999 +999 00 00 L1C DA
G99 99 59551 230600 0780 099 0099 +9999999999 +99999       +1541   -456   31 999 9999 +999 9999 +999 00 00 L1C D4
G99 99 59551 232200 0780 099 0099 +9999999999 +99999       +1522   -155   29 999 9999 +999 9999 +999 00 00 L1C D4
G99 99 59551 233800 0780 099 0099 +9999999999 +99999       +1516    -69   24 999 9999 +999 9999 +999 00 00 L1C CD
G99 99 59551 235400 0780 099 0099 +9999999999 +99999       +1508   -668   27 999 9999 +999 9999 +999 00 00 L1C E4
