CGGTTS GENERIC DATA FORMAT VERSION = 2E
REV DATE = 2014-02-20
RCVR = GORGYTIMING SYREF25 18259999 2018 v00
CH = 12
IMS = 99999
LAB = SY82
X = +4314143.808 m
Y =  +452633.302 m
Z = +4660711.557 m
FRAME = ITRF
COMMENTS = NO COMMENTS
SYS DLY = 000.0 ns (GPS C1)     CAL_ID = NA
CAB DLY = 000.0 ns
REF DLY = 000.0 ns
REF = REF(SY82)
CKSUM = CF

SAT CL  MJD  STTIME TRKL ELV AZTH   REFSV      SRSV     REFSYS    SRSYS  DSG IOE MDTR SMDT MDIO SMDI FR HC FRC CK
             hhmmss s   .1dg .1dg    .1ns     .1ps/s     .1ns    .1ps/s .1ns     .1ns.1ps/s.1ns.1ps/s
G99 99 59539 001400 0780 099 0099 +9999999999 +99999       +1540   -915   32 999 9999 +999 9999 +999 00 00 L1C D4
G99 99 59539 003000 0780 099 0099 +9999999999 +99999       +1535   +234   28 999 9999 +999 9999 +999 00 00 L1C D3
G99 99 59539 004600 0780 099 0099 +9999999999 +99999       +1531    -58   18 999 9999 +999 9999 +999 00 00 L1C CB
G99 99 59539 010200 0780 099 0099 +9999999999 +99999       +1539   -302   21 999 9999 +999 9999 +999 00 00 L1C CE
G99 99 59539 011800 0780 099 0099 +9999999999 +99999       +1529   +401   25 999 9999 +999 9999 +999 00 00 L1C D6
G99 99 59539 013400 0780 099 0099 +9999999999 +99999       +1527    +24   26 999 9999 +999 9999 +999 00 00 L1C C4
G99 99 59539 015000 0780 099 0099 +9999999999 +99999       +1540  +1290   34 999 9999 +999 9999 +999 00 00 L1C E2
G99 99 59539 020600 0780 099 0099 +9999999999 +99999       +1554    +61   26 999 9999 +999 9999 +999 00 00 L1C C5
G99 99 59539 022200 0780 099 0099 +9999999999 +99999       +1561   -377   22 999 9999 +999 9999 +999 00 00 L1C D9
G99 99 59539 023800 0780 099 0099 +9999999999 +99999       +1529   -109   22 999 9999 +999 9999 +999 00 00 L1C DD
G99 99 59539 025400 0780 099 0099 +9999999999 +99999       +1523   +275   24 999 9999 +999 9999 +999 00 00 L1C D9
G99 99 59539 031000 0780 099 0099 +9999999999 +99999       +1540    -97   26 999 9999 +999 9999 +999 00 00 L1C C7
G99 99 59539 032600 0780 099 0099 +9999999999 +99999       +1535   -685   27 999 9999 +999 9999 +999 00 00 L1C E6
G99 99 59539 034200 0780 099 0099 +9999999999 +99999       +1540    +18   22 999 9999 +999 9999 +999 00 00 L1C BF
G99 99 59539 035800 0780 099 0099 +9999999999 +99999       +1532   +426   25 999 9999 +999 9999 +999 00 00 L1C DD
G99 99 59539 041400 0780 099 0099 +9999999999 +99999       +1512    +47   24 999 9999 +999 9999 +999 00 00 L1C C2
G99 99 59539 043000 0780 099 0099 +9999999999 +99999       +1515   -269   25 999 9999 +999 9999 +999 00 00 L1C DC
G99 99 59539 044600 0780 099 0099 +9999999999 +99999       +1535   +234   19 999 9999 +999 9999 +999 00 00 L1C DE
G99 99 59539 050200 0780 099 0099 +9999999999 +99999       +1515   -637   26 999 9999 +999 9999 +999 00 00 L1C DC
G99 99 59539 051800 0780 099 0099 +9999999999 +99999       +1525   -183   29 999 9999 +999 9999 +999 00 00 L1C E3
G99 99 59539 053400 0780 099 0099 +9999999999 +99999       +1534   +290   23 999 9999 +999 9999 +999 00 00 L1C D8
G99 99 59539 055000 0780 099 0099 +9999999999 +99999       +1540   +237   19 999 9999 +999 9999 +999 00 00 L1C D9
G99 99 59539 060600 0780 099 0099 +9999999999 +99999       +1549   -138   24 999 9999 +999 9999 +999 00 00 L1C E2
G99 99 59539 062200 0780 099 0099 +9999999999 +99999       +1540   -625   25 999 9999 +999 9999 +999 00 00 L1C D9
G99 99 59539 063800 0780 099 0099 +9999999999 +99999       +1550   -166   19 999 9999 +999 9999 +999 00 00 L1C E4
G99 99 59539 065400 0780 099 0099 +9999999999 +99999       +1532   -479   25 999 9999 +999 9999 +999 00 00 L1C E6
G99 99 59539 071000 0780 099 0099 +9999999999 +99999       +1531   +111   20 999 9999 +999 9999 +999 00 00 L1C C6
G99 99 59539 072600 0780 099 0099 +9999999999 +99999       +1517   -426   17 999 9999 +999 9999 +999 00 00 L1C E2
G99 99 59539 074200 0780 099 0099 +9999999999 +99999       +1531   -133   25 999 9999 +999 9999 +999 00 00 L1C D6
G99 99 59539 075800 0780 099 0099 +9999999999 +99999       +1528   +419   30 999 9999 +999 9999 +999 00 00 L1C E4
G99 99 59539 081400 0780 099 0099 +9999999999 +99999       +1551  +1125   27 999 9999 +999 9999 +999 00 00 L1C EA
G99 99 59539 083000 0780 099 0099 +9999999999 +99999       +1553   +732   27 999 9999 +999 9999 +999 00 00 L1C DD
G99 99 59539 084600 0780 099 0099 +9999999999 +99999       +1574   +614   31 999 9999 +999 9999 +999 00 00 L1C E1
G99 99 59539 090200 0780 099 0099 +9999999999 +99999       +1560   -594   26 999 9999 +999 9999 +999 00 00 L1C E2
G99 99 59539 091800 0780 099 0099 +9999999999 +99999       +1544   +266   30 999 9999 +999 9999 +999 00 00 L1C E0
G99 99 59539 093400 0780 099 0099 +9999999999 +99999       +1560   -155   30 999 9999 +999 9999 +999 00 00 L1C DB
G99 99 59539 095000 0780 099 0099 +9999999999 +99999       +1576   +139   24 999 9999 +999 9999 +999 00 00 L1C E3
G99 99 59539 100600 0780 099 0099 +9999999999 +99999       +1551   -342   20 999 9999 +999 9999 +999 00 00 L1C CF
G99 99 59539 103400 0780 099 0099 +9999999999 +99999       +1535   -408   21 999 9999 +999 9999 +999 00 00 L1C D6
G99 99 59539 105000 0780 099 0099 +9999999999 +99999       +1554   +551   29 999 9999 +999 9999 +999 00 00 L1C DA
G99 99 59539 110600 0780 099 0099 +9999999999 +99999       +1541   -601   29 999 9999 +999 9999 +999 00 00 L1C D6
G99 99 59539 112200 0780 099 0099 +9999999999 +99999       +1532   +715   27 999 9999 +999 9999 +999 00 00 L1C D6
G99 99 59539 113800 0780 099 0099 +9999999999 +99999       +1542   -465   29 999 9999 +999 9999 +999 00 00 L1C E4
G99 99 59539 115400 0780 099 0099 +9999999999 +99999       +1537    +35   21 999 9999 +999 9999 +999 00 00 L1C C5
G99 99 59539 121000 0780 099 0099 +9999999999 +99999       +1538   -222   28 999 9999 +999 9999 +999 00 00 L1C D6
G99 99 59539 122600 0780 099 0099 +9999999999 +99999       +1539   -437   21 999 9999 +999 9999 +999 00 00 L1C DF
G99 99 59539 124200 0780 099 0099 +9999999999 +99999       +1541   -205   26 999 9999 +999 9999 +999 00 00 L1C D4
G99 99 59539 125800 0780 099 0099 +9999999999 +99999       +1531   +591   24 999 9999 +999 9999 +999 00 00 L1C DE
G99 99 59539 131400 0780 099 0099 +9999999999 +99999       +1514   -144   23 999 9999 +999 9999 +999 00 00 L1C D3
G99 99 59539 133000 0780 099 0099 +9999999999 +99999       +1514   -241   23 999 9999 +999 9999 +999 00 00 L1C CF
G99 99 59539 134600 0780 099 0099 +9999999999 +99999       +1529   +296   33 999 9999 +999 9999 +999 00 00 L1C E5
G99 99 59539 140200 0780 099 0099 +9999999999 +99999       +1537   +917   32 999 9999 +999 9999 +999 00 00 L1C DC
G99 99 59539 143400 0780 099 0099 +9999999999 +99999       +1494   -896   28 999 9999 +999 9999 +999 00 00 L1C F0
G99 99 59539 145000 0780 099 0099 +9999999999 +99999       +1462     -1   24 999 9999 +999 9999 +999 00 00 L1C AF
G99 99 59539 150600 0780 099 0099 +9999999999 +99999       +1454   -436   31 999 9999 +999 9999 +999 00 00 L1C DC
G99 99 59539 152200 0780 099 0099 +9999999999 +99999       +1496   -797   30 999 9999 +999 9999 +999 00 00 L1C E9
G99 99 59539 153800 0780 099 0099 +9999999999 +99999       +1455   -408   27 999 9999 +999 9999 +999 00 00 L1C E6
G99 99 59539 155400 0780 099 0099 +9999999999 +99999       +1440    +19   21 999 9999 +999 9999 +999 00 00 L1C C4
G99 99 59539 161000 0780 099 0099 +9999999999 +99999       +1423   +216   30 999 9999 +999 9999 +999 00 00 L1C CD
G99 99 59539 162600 0780 099 0099 +9999999999 +99999       +1434   -649   27 999 9999 +999 9999 +999 00 00 L1C E8
G99 99 59539 164200 0780 099 0099 +9999999999 +99999       +1427   +351   23 999 9999 +999 9999 +999 00 00 L1C D8
G99 99 59539 165800 0780 099 0099 +9999999999 +99999       +1440   +589   26 999 9999 +999 9999 +999 00 00 L1C EA
G99 99 59539 171400 0780 099 0099 +9999999999 +99999       +1450   +180   28 999 9999 +999 9999 +999 00 00 L1C D9
G99 99 59539 173000 0780 099 0099 +9999999999 +99999       +1459   -173   24 999 9999 +999 9999 +999 00 00 L1C E0
G99 99 59539 174600 0780 099 0099 +9999999999 +99999       +1470   +247   34 999 9999 +999 9999 +999 00 00 L1C E1
G99 99 59539 180200 0780 099 0099 +9999999999 +99999       +1497    +21   19 999 9999 +999 9999 +999 00 00 L1C CC
G99 99 59539 181800 0780 099 0099 +9999999999 +99999       +1486   +567   25 999 9999 +999 9999 +999 00 00 L1C ED
G99 99 59539 183400 0780 099 0099 +9999999999 +99999       +1488   -510   23 999 9999 +999 9999 +999 00 00 L1C E1
G99 99 59539 185000 0780 099 0099 +9999999999 +99999       +1466   +592   30 999 9999 +999 9999 +999 00 00 L1C E1
G99 99 59539 190600 0780 099 0099 +9999999999 +99999       +1474    +26   25 999 9999 +999 9999 +999 00 00 L1C CE
G99 99 59539 192200 0780 099 0099 +9999999999 +99999       +1470   -377   25 999 9999 +999 9999 +999 00 00 L1C E3
G99 99 59539 193800 0780 099 0099 +9999999999 +99999       +1478   +348   25 999 9999 +999 9999 +999 00 00 L1C EE
G99 99 59539 195400 0780 099 0099 +9999999999 +99999       +1474   +209   22 999 9999 +999 9999 +999 00 00 L1C E1
G99 99 59539 201000 0780 099 0099 +9999999999 +99999       +1484    +56   24 999 9999 +999 9999 +999 00 00 L1C C4
G99 99 59539 202600 0780 099 0099 +9999999999 +99999       +1470   -179   28 999 9999 +999 9999 +999 00 00 L1C E2
G99 99 59539 204200 0780 099 0099 +9999999999 +99999       +1489   +793   30 999 9999 +999 9999 +999 00 00 L1C E3
G99 99 59539 205800 0780 099 0099 +9999999999 +99999       +1472   -703   24 999 9999 +999 9999 +999 00 00 L1C DE
G99 99 59539 211400 0780 099 0099 +9999999999 +99999       +1460   +380   19 999 9999 +999 9999 +999 00 00 L1C D7
G99 99 59539 213000 0780 099 0099 +9999999999 +99999       +1470    +11   20 999 9999 +999 9999 +999 00 00 L1C B5
G99 99 59539 214600 0780 099 0099 +9999999999 +99999       +1491   -267   28 999 9999 +999 9999 +999 00 00 L1C E6
G99 99 59539 220200 0780 099 0099 +9999999999 +99999       +1482   +155   29 999 9999 +999 9999 +999 00 00 L1C DA
G99 99 59539 221800 0780 099 0099 +9999999999 +99999       +1480    +23   30 999 9999 +999 9999 +999 00 00 L1C C1
G99 99 59539 223400 0780 099 0099 +9999999999 +99999       +1462   +270   24 999 9999 +999 9999 +999 00 00 L1C D6
G99 99 59539 225000 0780 099 0099 +9999999999 +99999       +1471  -1276   34 999 9999 +999 9999 +999 00 00 L1C EE
G99 99 59539 230600 0780 099 0099 +9999999999 +99999       +1449   -432   27 999 9999 +999 9999 +999 00 00 L1C E0
G99 99 59539 232200 0780 099 0099 +9999999999 +99999       +1423    -19   26 999 9999 +999 9999 +999 00 00 L1C C6
G99 99 59539 233800 0780 099 0099 +9999999999 +99999       +1423    +37   24 999 9999 +999 9999 +999 00 00 L1C C9
G99 99 59539 235400 0780 099 0099 +9999999999 +99999       +1442   +466   25 999 9999 +999 9999 +999 00 00 L1C DF
