CGGTTS GENERIC DATA FORMAT VERSION = 2E
REV DATE = 2014-02-20
RCVR = GORGYTIMING SYREF25 18259999 2018 v00
CH = 12
IMS = 99999
LAB = SY82
X = +4314143.824 m
Y =  +452633.241 m
Z = +4660711.385 m
FRAME = ITRF
COMMENTS = NO COMMENTS
SYS DLY = 000.0 ns (GPS C1)     CAL_ID = NA
CAB DLY = 000.0 ns
REF DLY = 000.0 ns
REF = REF(SY82)
CKSUM = CE

SAT CL  MJD  STTIME TRKL ELV AZTH   REFSV      SRSV     REFSYS    SRSYS  DSG IOE MDTR SMDT MDIO SMDI FR HC FRC CK
             hhmmss s   .1dg .1dg    .1ns     .1ps/s     .1ns    .1ps/s .1ns     .1ns.1ps/s.1ns.1ps/s
G99 99 59544 001000 0780 099 0099 +9999999999 +99999       +1536   -593   22 999 9999 +999 9999 +999 00 00 L1C D2
G99 99 59544 002600 0780 099 0099 +9999999999 +99999       +1530     +4   21 999 9999 +999 9999 +999 00 00 L1C A3
G99 99 59544 004200 0780 099 0099 +9999999999 +99999       +1541   +218   13 999 9999 +999 9999 +999 00 00 L1C CB
G99 99 59544 005800 0780 099 0099 +9999999999 +99999       +1522   +905   29 999 9999 +999 9999 +999 00 00 L1C DB
G99 99 59544 011400 0780 099 0099 +9999999999 +99999       +1518   -202   25 999 9999 +999 9999 +999 00 00 L1C CD
G99 99 59544 013000 0780 099 0099 +9999999999 +99999       +1539  +1221   32 999 9999 +999 9999 +999 00 00 L1C DC
G99 99 59544 014600 0780 099 0099 +9999999999 +99999       +1535    +33   22 999 9999 +999 9999 +999 00 00 L1C BE
G99 99 59544 020200 0780 099 0099 +9999999999 +99999       +1547   -699   25 999 9999 +999 9999 +999 00 00 L1C E1
G99 99 59544 021800 0780 099 0099 +9999999999 +99999       +1528   -500   27 999 9999 +999 9999 +999 00 00 L1C D6
G99 99 59544 023400 0780 099 0099 +9999999999 +99999       +1505   +105   26 999 9999 +999 9999 +999 00 00 L1C CD
G99 99 59544 025000 0780 099 0099 +9999999999 +99999       +1533   -495   27 999 9999 +999 9999 +999 00 00 L1C DB
G99 99 59544 030600 0780 099 0099 +9999999999 +99999       +1538   +225   29 999 9999 +999 9999 +999 00 00 L1C D9
G99 99 59544 032200 0780 099 0099 +9999999999 +99999       +1545   -384   19 999 9999 +999 9999 +999 00 00 L1C DC
G99 99 59544 033800 0780 099 0099 +9999999999 +99999       +1543   +257   27 999 9999 +999 9999 +999 00 00 L1C DD
G99 99 59544 035400 0780 099 0099 +9999999999 +99999       +1528    -26   23 999 9999 +999 9999 +999 00 00 L1C C6
G99 99 59544 041000 0780 099 0099 +9999999999 +99999       +1536   +182   24 999 9999 +999 9999 +999 00 00 L1C D0
G99 99 59544 042600 0780 099 0099 +9999999999 +99999       +1559   +185   24 999 9999 +999 9999 +999 00 00 L1C DF
G99 99 59544 044200 0780 099 0099 +9999999999 +99999       +1548   -652   22 999 9999 +999 9999 +999 00 00 L1C DA
G99 99 59544 045800 0780 099 0099 +9999999999 +99999       +1541   -170   27 999 9999 +999 9999 +999 00 00 L1C DA
G99 99 59544 051400 0780 099 0099 +9999999999 +99999       +1555   +622   23 999 9999 +999 9999 +999 00 00 L1C D4
G99 99 59544 053000 0780 099 0099 +9999999999 +99999       +1568   -281   25 999 9999 +999 9999 +999 00 00 L1C DB
G99 99 59544 054600 0780 099 0099 +9999999999 +99999       +1581    +40   23 999 9999 +999 9999 +999 00 00 L1C C2
G99 99 59544 060200 0780 099 0099 +9999999999 +99999       +1573   -143   23 999 9999 +999 9999 +999 00 00 L1C D2
G99 99 59544 061800 0780 099 0099 +9999999999 +99999       +1571   -397   20 999 9999 +999 9999 +999 00 00 L1C DF
G99 99 59544 063400 0780 099 0099 +9999999999 +99999       +1550   -676   23 999 9999 +999 9999 +999 00 00 L1C DD
G99 99 59544 065000 0780 099 0099 +9999999999 +99999       +1547   +290   19 999 9999 +999 9999 +999 00 00 L1C DC
G99 99 59544 070600 0780 099 0099 +9999999999 +99999       +1533   -404   17 999 9999 +999 9999 +999 00 00 L1C D6
G99 99 59544 072200 0780 099 0099 +9999999999 +99999       +1556   +104   21 999 9999 +999 9999 +999 00 00 L1C CF
G99 99 59544 073800 0780 099 0099 +9999999999 +99999       +1548   +864   29 999 9999 +999 9999 +999 00 00 L1C EC
G99 99 59544 075400 0780 099 0099 +9999999999 +99999       +1560   +902   24 999 9999 +999 9999 +999 00 00 L1C D8
G99 99 59544 081000 0780 099 0099 +9999999999 +99999       +1561   +909   32 999 9999 +999 9999 +999 00 00 L1C D8
G99 99 59544 082600 0780 099 0099 +9999999999 +99999       +1585   +120   27 999 9999 +999 9999 +999 00 00 L1C DA
G99 99 59544 084200 0780 099 0099 +9999999999 +99999       +1552  -1304   36 999 9999 +999 9999 +999 00 00 L1C E9
G99 99 59544 085800 0780 099 0099 +9999999999 +99999       +1536   -409   23 999 9999 +999 9999 +999 00 00 L1C E3
G99 99 59544 091400 0780 099 0099 +9999999999 +99999       +1542    +12   32 999 9999 +999 9999 +999 00 00 L1C BD
G99 99 59544 093000 0780 099 0099 +9999999999 +99999       +1555    +92   26 999 9999 +999 9999 +999 00 00 L1C CA
G99 99 59544 094600 0780 099 0099 +9999999999 +99999       +1542   +205   25 999 9999 +999 9999 +999 00 00 L1C D8
G99 99 59544 101400 0780 099 0099 +9999999999 +99999       +1526    -97   26 999 9999 +999 9999 +999 00 00 L1C C9
G99 99 59544 103000 0780 099 0099 +9999999999 +99999       +1539   +687   29 999 9999 +999 9999 +999 00 00 L1C E1
G99 99 59544 104600 0780 099 0099 +9999999999 +99999       +1528   -595   27 999 9999 +999 9999 +999 00 00 L1C E4
G99 99 59544 110200 0780 099 0099 +9999999999 +99999       +1517   +140   20 999 9999 +999 9999 +999 00 00 L1C C4
G99 99 59544 111800 0780 099 0099 +9999999999 +99999       +1513    +12   23 999 9999 +999 9999 +999 00 00 L1C B8
G99 99 59544 113400 0780 099 0099 +9999999999 +99999       +1516   -334   27 999 9999 +999 9999 +999 00 00 L1C D6
G99 99 59544 115000 0780 099 0099 +9999999999 +99999       +1517    -63   22 999 9999 +999 9999 +999 00 00 L1C BF
G99 99 59544 120600 0780 099 0099 +9999999999 +99999       +1516   -181   19 999 9999 +999 9999 +999 00 00 L1C D7
G99 99 59544 122200 0780 099 0099 +9999999999 +99999       +1526   +115   22 999 9999 +999 9999 +999 00 00 L1C CB
G99 99 59544 123800 0780 099 0099 +9999999999 +99999       +1523    +65   20 999 9999 +999 9999 +999 00 00 L1C C1
G99 99 59544 125400 0780 099 0099 +9999999999 +99999       +1501   -162   23 999 9999 +999 9999 +999 00 00 L1C CE
G99 99 59544 131000 0780 099 0099 +9999999999 +99999       +1493   -445   19 999 9999 +999 9999 +999 00 00 L1C DA
G99 99 59544 132600 0780 099 0099 +9999999999 +99999       +1519   +580   31 999 9999 +999 9999 +999 00 00 L1C D8
G99 99 59544 134200 0780 099 0099 +9999999999 +99999       +1525   +561   24 999 9999 +999 9999 +999 00 00 L1C D4
G99 99 59544 141400 0780 099 0099 +9999999999 +99999       +1493   -266   21 999 9999 +999 9999 +999 00 00 L1C D9
G99 99 59544 143000 0780 099 0099 +9999999999 +99999       +1483   +218   20 999 9999 +999 9999 +999 00 00 L1C D0
G99 99 59544 144600 0780 099 0099 +9999999999 +99999       +1479   +421   23 999 9999 +999 9999 +999 00 00 L1C DB
G99 99 59544 150200 0780 099 0099 +9999999999 +99999       +1516   -713   24 999 9999 +999 9999 +999 00 00 L1C D3
G99 99 59544 151800 0780 099 0099 +9999999999 +99999       +1476   -689   28 999 9999 +999 9999 +999 00 00 L1C EF
G99 99 59544 153400 0780 099 0099 +9999999999 +99999       +1478   +296   22 999 9999 +999 9999 +999 00 00 L1C E1
G99 99 59544 155000 0780 099 0099 +9999999999 +99999       +1452   +302   25 999 9999 +999 9999 +999 00 00 L1C CE
G99 99 59544 160600 0780 099 0099 +9999999999 +99999       +1467   -619   27 999 9999 +999 9999 +999 00 00 L1C E5
G99 99 59544 162200 0780 099 0099 +9999999999 +99999       +1460    -80   21 999 9999 +999 9999 +999 00 00 L1C BE
G99 99 59544 163800 0780 099 0099 +9999999999 +99999       +1475   +277   21 999 9999 +999 9999 +999 00 00 L1C E1
G99 99 59544 165400 0780 099 0099 +9999999999 +99999       +1476   -531   27 999 9999 +999 9999 +999 00 00 L1C E1
G99 99 59544 171000 0780 099 0099 +9999999999 +99999       +1478    +32   23 999 9999 +999 9999 +999 00 00 L1C C2
G99 99 59544 172600 0780 099 0099 +9999999999 +99999       +1508   +531   28 999 9999 +999 9999 +999 00 00 L1C DC
G99 99 59544 174200 0780 099 0099 +9999999999 +99999       +1524   -118   21 999 9999 +999 9999 +999 00 00 L1C D4
G99 99 59544 175800 0780 099 0099 +9999999999 +99999       +1513   +237   21 999 9999 +999 9999 +999 00 00 L1C D9
G99 99 59544 181400 0780 099 0099 +9999999999 +99999       +1512  -1198   34 999 9999 +999 9999 +999 00 00 L1C EE
G99 99 59544 183000 0780 099 0099 +9999999999 +99999       +1493   +137   24 999 9999 +999 9999 +999 00 00 L1C D9
G99 99 59544 184600 0780 099 0099 +9999999999 +99999       +1502   +737   22 999 9999 +999 9999 +999 00 00 L1C DB
G99 99 59544 190200 0780 099 0099 +9999999999 +99999       +1507   +285   17 999 9999 +999 9999 +999 00 00 L1C DB
G99 99 59544 191800 0780 099 0099 +9999999999 +99999       +1506   +269   18 999 9999 +999 9999 +999 00 00 L1C E4
G99 99 59544 193400 0780 099 0099 +9999999999 +99999       +1520    -61   19 999 9999 +999 9999 +999 00 00 L1C C7
G99 99 59544 195000 0780 099 0099 +9999999999 +99999       +1522    +20   19 999 9999 +999 9999 +999 00 00 L1C C0
G99 99 59544 200600 0780 099 0099 +9999999999 +99999       +1517   -333   23 999 9999 +999 9999 +999 00 00 L1C D1
G99 99 59544 202200 0780 099 0099 +9999999999 +99999       +1528   +672   21 999 9999 +999 9999 +999 00 00 L1C D3
G99 99 59544 203800 0780 099 0099 +9999999999 +99999       +1527   -671   21 999 9999 +999 9999 +999 00 00 L1C DA
G99 99 59544 205400 0780 099 0099 +9999999999 +99999       +1506   +102   21 999 9999 +999 9999 +999 00 00 L1C C8
G99 99 59544 211000 0780 099 0099 +9999999999 +99999       +1530   -139   19 999 9999 +999 9999 +999 00 00 L1C D1
G99 99 59544 212600 0780 099 0099 +9999999999 +99999       +1544   -197   26 999 9999 +999 9999 +999 00 00 L1C DF
G99 99 59544 214200 0780 099 0099 +9999999999 +99999       +1532    -37   28 999 9999 +999 9999 +999 00 00 L1C C5
G99 99 59544 215800 0780 099 0099 +9999999999 +99999       +1533   -417   26 999 9999 +999 9999 +999 00 00 L1C DD
G99 99 59544 221400 0780 099 0099 +9999999999 +99999       +1498   -125   27 999 9999 +999 9999 +999 00 00 L1C DD
G99 99 59544 223000 0780 099 0099 +9999999999 +99999       +1508   -589   28 999 9999 +999 9999 +999 00 00 L1C E2
G99 99 59544 224600 0780 099 0099 +9999999999 +99999       +1516   -378   26 999 9999 +999 9999 +999 00 00 L1C E2
G99 99 59544 230200 0780 099 0099 +9999999999 +99999       +1500    -91   24 999 9999 +999 9999 +999 00 00 L1C BA
G99 99 59544 231800 0780 099 0099 +9999999999 +99999       +1523   +629   28 999 9999 +999 9999 +999 00 00 L1C DF
G99 99 59544 233400 0780 099 0099 +9999999999 +99999       +1564    +45   22 999 9999 +999 9999 +999 00 00 L1C C4
G99 99 59544 235000 0780 099 0099 +9999999999 +99999       +1548   -710   28 999 9999 +999 9999 +999 00 00 L1C DB
