CGGTTS GENERIC DATA FORMAT VERSION = 2E
REV DATE = 2014-02-20
RCVR = GORGYTIMING SYREF25 18259999 2018 v00
CH = 12
IMS = 99999
LAB = SY82
X = +4314143.824 m
Y =  +452633.241 m
Z = +4660711.385 m
FRAME = ITRF
COMMENTS = NO COMMENTS
SYS DLY = 000.0 ns (GPS C1)     CAL_ID = NA
CAB DLY = 000.0 ns
REF DLY = 000.0 ns
REF = REF(SY82)
CKSUM = CE

SAT CL  MJD  STTIME TRKL ELV AZTH   REFSV      SRSV     REFSYS    SRSYS  DSG IOE MDTR SMDT MDIO SMDI FR HC FRC CK
             hhmmss s   .1dg .1dg    .1ns     .1ps/s     .1ns    .1ps/s .1ns     .1ns.1ps/s.1ns.1ps/s
G99 99 59545 000600 0780 099 0099 +9999999999 +99999       +1529   -332   20 999 9999 +999 9999 +999 00 00 L1C CF
G99 99 59545 002200 0780 099 0099 +9999999999 +99999       +1537   +491   21 999 9999 +999 9999 +999 00 00 L1C D1
G99 99 59545 003800 0780 099 0099 +9999999999 +99999       +1558   +341   17 999 9999 +999 9999 +999 00 00 L1C DA
G99 99 59545 005400 0780 099 0099 +9999999999 +99999       +1546   +629   21 999 9999 +999 9999 +999 00 00 L1C D9
G99 99 59545 011000 0780 099 0099 +9999999999 +99999       +1547    -39   22 999 9999 +999 9999 +999 00 00 L1C C1
G99 99 59545 012600 0780 099 0099 +9999999999 +99999       +1571  +1490   31 999 9999 +999 9999 +999 00 00 L1C E5
G99 99 59545 014200 0780 099 0099 +9999999999 +99999       +1571   -387   21 999 9999 +999 9999 +999 00 00 L1C D8
G99 99 59545 015800 0780 099 0099 +9999999999 +99999       +1575   -366   16 999 9999 +999 9999 +999 00 00 L1C E4
G99 99 59545 021400 0780 099 0099 +9999999999 +99999       +1560    -70   16 999 9999 +999 9999 +999 00 00 L1C BF
G99 99 59545 023000 0780 099 0099 +9999999999 +99999       +1526   -118   21 999 9999 +999 9999 +999 00 00 L1C CE
G99 99 59545 024600 0780 099 0099 +9999999999 +99999       +1535   -250   21 999 9999 +999 9999 +999 00 00 L1C D2
G99 99 59545 030200 0780 099 0099 +9999999999 +99999       +1536   -455   23 999 9999 +999 9999 +999 00 00 L1C D5
G99 99 59545 031800 0780 099 0099 +9999999999 +99999       +1543   -573   23 999 9999 +999 9999 +999 00 00 L1C DB
G99 99 59545 033400 0780 099 0099 +9999999999 +99999       +1535   +238   22 999 9999 +999 9999 +999 00 00 L1C D5
G99 99 59545 035000 0780 099 0099 +9999999999 +99999       +1515   +330   19 999 9999 +999 9999 +999 00 00 L1C D0
G99 99 59545 040600 0780 099 0099 +9999999999 +99999       +1532    +76   17 999 9999 +999 9999 +999 00 00 L1C C6
G99 99 59545 042200 0780 099 0099 +9999999999 +99999       +1562    +83   17 999 9999 +999 9999 +999 00 00 L1C C5
G99 99 59545 043800 0780 099 0099 +9999999999 +99999       +1550    -98   16 999 9999 +999 9999 +999 00 00 L1C D0
G99 99 59545 045400 0780 099 0099 +9999999999 +99999       +1542   -451   29 999 9999 +999 9999 +999 00 00 L1C DC
G99 99 59545 051000 0780 099 0099 +9999999999 +99999       +1544   +503   22 999 9999 +999 9999 +999 00 00 L1C CC
G99 99 59545 052600 0780 099 0099 +9999999999 +99999       +1560   -281   21 999 9999 +999 9999 +999 00 00 L1C D5
G99 99 59545 054200 0780 099 0099 +9999999999 +99999       +1570   -145   24 999 9999 +999 9999 +999 00 00 L1C D6
G99 99 59545 055800 0780 099 0099 +9999999999 +99999       +1568   -173   26 999 9999 +999 9999 +999 00 00 L1C E7
G99 99 59545 061400 0780 099 0099 +9999999999 +99999       +1577   -199   24 999 9999 +999 9999 +999 00 00 L1C E6
G99 99 59545 063000 0780 099 0099 +9999999999 +99999       +1547   -949   21 999 9999 +999 9999 +999 00 00 L1C E1
G99 99 59545 064600 0780 099 0099 +9999999999 +99999       +1537   +114   16 999 9999 +999 9999 +999 00 00 L1C D9
G99 99 59545 070200 0780 099 0099 +9999999999 +99999       +1539   +125   14 999 9999 +999 9999 +999 00 00 L1C D4
G99 99 59545 071800 0780 099 0099 +9999999999 +99999       +1555   -282   19 999 9999 +999 9999 +999 00 00 L1C E4
G99 99 59545 073400 0780 099 0099 +9999999999 +99999       +1543   +571   24 999 9999 +999 9999 +999 00 00 L1C DA
G99 99 59545 075000 0780 099 0099 +9999999999 +99999       +1558   +571   23 999 9999 +999 9999 +999 00 00 L1C DD
G99 99 59545 080600 0780 099 0099 +9999999999 +99999       +1569   +521   24 999 9999 +999 9999 +999 00 00 L1C DD
G99 99 59545 082200 0780 099 0099 +9999999999 +99999       +1600   +343   32 999 9999 +999 9999 +999 00 00 L1C CE
G99 99 59545 083800 0780 099 0099 +9999999999 +99999       +1562  -1303   34 999 9999 +999 9999 +999 00 00 L1C ED
G99 99 59545 085400 0780 099 0099 +9999999999 +99999       +1541   -101   20 999 9999 +999 9999 +999 00 00 L1C CE
G99 99 59545 091000 0780 099 0099 +9999999999 +99999       +1547   +665   26 999 9999 +999 9999 +999 00 00 L1C E0
G99 99 59545 092600 0780 099 0099 +9999999999 +99999       +1569   -252   21 999 9999 +999 9999 +999 00 00 L1C E0
G99 99 59545 094200 0780 099 0099 +9999999999 +99999       +1547   +185   23 999 9999 +999 9999 +999 00 00 L1C DF
G99 99 59545 101000 0780 099 0099 +9999999999 +99999       +1539    -62   21 999 9999 +999 9999 +999 00 00 L1C BD
G99 99 59545 102600 0780 099 0099 +9999999999 +99999       +1555    -14   32 999 9999 +999 9999 +999 00 00 L1C C1
G99 99 59545 104200 0780 099 0099 +9999999999 +99999       +1541   -407   30 999 9999 +999 9999 +999 00 00 L1C CE
G99 99 59545 105800 0780 099 0099 +9999999999 +99999       +1544   +362   23 999 9999 +999 9999 +999 00 00 L1C D8
G99 99 59545 111400 0780 099 0099 +9999999999 +99999       +1536   -688   26 999 9999 +999 9999 +999 00 00 L1C E2
G99 99 59545 113000 0780 099 0099 +9999999999 +99999       +1547   -138   27 999 9999 +999 9999 +999 00 00 L1C D9
G99 99 59545 114600 0780 099 0099 +9999999999 +99999       +1537   -211   26 999 9999 +999 9999 +999 00 00 L1C D6
G99 99 59545 120200 0780 099 0099 +9999999999 +99999       +1538    -21   21 999 9999 +999 9999 +999 00 00 L1C BA
G99 99 59545 121800 0780 099 0099 +9999999999 +99999       +1541   +356   21 999 9999 +999 9999 +999 00 00 L1C D4
G99 99 59545 123400 0780 099 0099 +9999999999 +99999       +1545    -92   21 999 9999 +999 9999 +999 00 00 L1C C5
G99 99 59545 125000 0780 099 0099 +9999999999 +99999       +1514   +269   25 999 9999 +999 9999 +999 00 00 L1C D7
G99 99 59545 130600 0780 099 0099 +9999999999 +99999       +1512    -39   22 999 9999 +999 9999 +999 00 00 L1C C1
G99 99 59545 132200 0780 099 0099 +9999999999 +99999       +1514   +424   25 999 9999 +999 9999 +999 00 00 L1C D0
G99 99 59545 133800 0780 099 0099 +9999999999 +99999       +1528   +552   30 999 9999 +999 9999 +999 00 00 L1C DA
G99 99 59545 141000 0780 099 0099 +9999999999 +99999       +1507   -853   30 999 9999 +999 9999 +999 00 00 L1C D4
G99 99 59545 142600 0780 099 0099 +9999999999 +99999       +1490   +358   27 999 9999 +999 9999 +999 00 00 L1C E0
G99 99 59545 144200 0780 099 0099 +9999999999 +99999       +1489   -127   19 999 9999 +999 9999 +999 00 00 L1C E3
G99 99 59545 145800 0780 099 0099 +9999999999 +99999       +1527  -1104   30 999 9999 +999 9999 +999 00 00 L1C E8
G99 99 59545 151400 0780 099 0099 +9999999999 +99999       +1489  -1058   32 999 9999 +999 9999 +999 00 00 L1C F2
G99 99 59545 153000 0780 099 0099 +9999999999 +99999       +1475    +55   20 999 9999 +999 9999 +999 00 00 L1C C2
G99 99 59545 154600 0780 099 0099 +9999999999 +99999       +1451   +573   28 999 9999 +999 9999 +999 00 00 L1C E0
G99 99 59545 160200 0780 099 0099 +9999999999 +99999       +1477   -468   26 999 9999 +999 9999 +999 00 00 L1C E4
G99 99 59545 161800 0780 099 0099 +9999999999 +99999       +1469    -17   21 999 9999 +999 9999 +999 00 00 L1C CD
G99 99 59545 163400 0780 099 0099 +9999999999 +99999       +1479   +324   25 999 9999 +999 9999 +999 00 00 L1C DF
G99 99 59545 165000 0780 099 0099 +9999999999 +99999       +1465    -72   30 999 9999 +999 9999 +999 00 00 L1C C6
G99 99 59545 170600 0780 099 0099 +9999999999 +99999       +1498    +43   25 999 9999 +999 9999 +999 00 00 L1C CE
G99 99 59545 172200 0780 099 0099 +9999999999 +99999       +1522   +323   29 999 9999 +999 9999 +999 00 00 L1C D5
G99 99 59545 173800 0780 099 0099 +9999999999 +99999       +1538    -77   27 999 9999 +999 9999 +999 00 00 L1C D9
G99 99 59545 175400 0780 099 0099 +9999999999 +99999       +1536   +637   27 999 9999 +999 9999 +999 00 00 L1C E5
G99 99 59545 181000 0780 099 0099 +9999999999 +99999       +1534  -1077   31 999 9999 +999 9999 +999 00 00 L1C E8
G99 99 59545 182600 0780 099 0099 +9999999999 +99999       +1531   +301   25 999 9999 +999 9999 +999 00 00 L1C D2
G99 99 59545 184200 0780 099 0099 +9999999999 +99999       +1525    +83   18 999 9999 +999 9999 +999 00 00 L1C CC
G99 99 59545 185800 0780 099 0099 +9999999999 +99999       +1531    +86   27 999 9999 +999 9999 +999 00 00 L1C D3
G99 99 59545 191400 0780 099 0099 +9999999999 +99999       +1527   -257   25 999 9999 +999 9999 +999 00 00 L1C E1
G99 99 59545 193000 0780 099 0099 +9999999999 +99999       +1548    +22   24 999 9999 +999 9999 +999 00 00 L1C C5
G99 99 59545 194600 0780 099 0099 +9999999999 +99999       +1552   -313   21 999 9999 +999 9999 +999 00 00 L1C D9
G99 99 59545 200200 0780 099 0099 +9999999999 +99999       +1543   -512   28 999 9999 +999 9999 +999 00 00 L1C D1
G99 99 59545 201800 0780 099 0099 +9999999999 +99999       +1550   +910   34 999 9999 +999 9999 +999 00 00 L1C D3
G99 99 59545 203400 0780 099 0099 +9999999999 +99999       +1531   -800   36 999 9999 +999 9999 +999 00 00 L1C D2
G99 99 59545 205000 0780 099 0099 +9999999999 +99999       +1536   -261   28 999 9999 +999 9999 +999 00 00 L1C D7
G99 99 59545 210600 0780 099 0099 +9999999999 +99999       +1566   -340   32 999 9999 +999 9999 +999 00 00 L1C D5
G99 99 59545 212200 0780 099 0099 +9999999999 +99999       +1568   -431   30 999 9999 +999 9999 +999 00 00 L1C D4
G99 99 59545 213800 0780 099 0099 +9999999999 +99999       +1563   -128   26 999 9999 +999 9999 +999 00 00 L1C DE
G99 99 59545 215400 0780 099 0099 +9999999999 +99999       +1558   -362   27 999 9999 +999 9999 +999 00 00 L1C E1
G99 99 59545 221000 0780 099 0099 +9999999999 +99999       +1536   -162   27 999 9999 +999 9999 +999 00 00 L1C D4
G99 99 59545 222600 0780 099 0099 +9999999999 +99999       +1538   -721   29 999 9999 +999 9999 +999 00 00 L1C E0
G99 99 59545 224200 0780 099 0099 +9999999999 +99999       +1547   -400   24 999 9999 +999 9999 +999 00 00 L1C D3
G99 99 59545 225800 0780 099 0099 +9999999999 +99999       +1532   -377   25 999 9999 +999 9999 +999 00 00 L1C E2
G99 99 59545 231400 0780 099 0099 +9999999999 +99999       +1516   +421   28 999 9999 +999 9999 +999 00 00 L1C D4
G99 99 59545 233000 0780 099 0099 +9999999999 +99999       +1562   -459   26 999 9999 +999 9999 +999 00 00 L1C DE
G99 99 59545 234600 0780 099 0099 +9999999999 +99999       +1547   -473   28 999 9999 +999 9999 +999 00 00 L1C E6
