CGGTTS GENERIC DATA FORMAT VERSION = 2E
REV DATE = 2014-02-20
RCVR = GORGYTIMING SYREF25 18259999 2018 v00
CH = 12
IMS = 99999
LAB = SY82
X = +4314143.824 m
Y =  +452633.241 m
Z = +4660711.385 m
FRAME = ITRF
COMMENTS = NO COMMENTS
SYS DLY = 000.0 ns (GPS C1)     CAL_ID = NA
CAB DLY = 000.0 ns
REF DLY = 000.0 ns
REF = REF(SY82)
CKSUM = CE

SAT CL  MJD  STTIME TRKL ELV AZTH   REFSV      SRSV     REFSYS    SRSYS  DSG IOE MDTR SMDT MDIO SMDI FR HC FRC CK
             hhmmss s   .1dg .1dg    .1ns     .1ps/s     .1ns    .1ps/s .1ns     .1ns.1ps/s.1ns.1ps/s
G99 99 59560 001000 0780 099 0099 +9999999999 +99999       +1516   +514   21 999 9999 +999 9999 +999 00 00 L1C C4
G99 99 59560 002600 0780 099 0099 +9999999999 +99999       +1554  +1072   31 999 9999 +999 9999 +999 00 00 L1C DE
G99 99 59560 004200 0780 099 0099 +9999999999 +99999       +1565   -252   25 999 9999 +999 9999 +999 00 00 L1C D2
G99 99 59560 005800 0780 099 0099 +9999999999 +99999       +1568   -907   27 999 9999 +999 9999 +999 00 00 L1C E5
G99 99 59560 011400 0780 099 0099 +9999999999 +99999       +1549    -19   25 999 9999 +999 9999 +999 00 00 L1C C5
G99 99 59560 013000 0780 099 0099 +9999999999 +99999       +1520   -301   25 999 9999 +999 9999 +999 00 00 L1C C2
G99 99 59560 014600 0780 099 0099 +9999999999 +99999       +1532   -804   28 999 9999 +999 9999 +999 00 00 L1C D7
G99 99 59560 020200 0780 099 0099 +9999999999 +99999       +1540    -78   26 999 9999 +999 9999 +999 00 00 L1C C0
G99 99 59560 021800 0780 099 0099 +9999999999 +99999       +1543   -418   25 999 9999 +999 9999 +999 00 00 L1C D7
G99 99 59560 023400 0780 099 0099 +9999999999 +99999       +1530   +429   24 999 9999 +999 9999 +999 00 00 L1C D0
G99 99 59560 025000 0780 099 0099 +9999999999 +99999       +1511   +156   23 999 9999 +999 9999 +999 00 00 L1C C9
G99 99 59560 030600 0780 099 0099 +9999999999 +99999       +1523   +375   21 999 9999 +999 9999 +999 00 00 L1C CF
G99 99 59560 032200 0780 099 0099 +9999999999 +99999       +1535   +111   25 999 9999 +999 9999 +999 00 00 L1C C8
G99 99 59560 033800 0780 099 0099 +9999999999 +99999       +1527   +314   23 999 9999 +999 9999 +999 00 00 L1C D3
G99 99 59560 035400 0780 099 0099 +9999999999 +99999       +1521   -693   25 999 9999 +999 9999 +999 00 00 L1C D9
G99 99 59560 041000 0780 099 0099 +9999999999 +99999       +1531   +343   25 999 9999 +999 9999 +999 00 00 L1C C9
G99 99 59560 042600 0780 099 0099 +9999999999 +99999       +1540   -535   25 999 9999 +999 9999 +999 00 00 L1C D5
G99 99 59560 044200 0780 099 0099 +9999999999 +99999       +1570   +392   21 999 9999 +999 9999 +999 00 00 L1C D1
G99 99 59560 045800 0780 099 0099 +9999999999 +99999       +1554   -760   33 999 9999 +999 9999 +999 00 00 L1C DE
G99 99 59560 051400 0780 099 0099 +9999999999 +99999       +1561    -34   22 999 9999 +999 9999 +999 00 00 L1C BD
G99 99 59560 053000 0780 099 0099 +9999999999 +99999       +1542   -557   22 999 9999 +999 9999 +999 00 00 L1C D4
G99 99 59560 054600 0780 099 0099 +9999999999 +99999       +1530    +39   21 999 9999 +999 9999 +999 00 00 L1C C0
G99 99 59560 060200 0780 099 0099 +9999999999 +99999       +1523    -20   21 999 9999 +999 9999 +999 00 00 L1C B3
G99 99 59560 061800 0780 099 0099 +9999999999 +99999       +1540   +247   22 999 9999 +999 9999 +999 00 00 L1C D3
G99 99 59560 063400 0780 099 0099 +9999999999 +99999       +1529   +506   21 999 9999 +999 9999 +999 00 00 L1C D5
G99 99 59560 065000 0780 099 0099 +9999999999 +99999       +1537   +757   22 999 9999 +999 9999 +999 00 00 L1C DB
G99 99 59560 070600 0780 099 0099 +9999999999 +99999       +1556    -87   21 999 9999 +999 9999 +999 00 00 L1C CB
G99 99 59560 072200 0780 099 0099 +9999999999 +99999       +1582   +466   27 999 9999 +999 9999 +999 00 00 L1C DD
G99 99 59560 073800 0780 099 0099 +9999999999 +99999       +1559   -292   27 999 9999 +999 9999 +999 00 00 L1C E7
G99 99 59560 075400 0780 099 0099 +9999999999 +99999       +1547   -119   25 999 9999 +999 9999 +999 00 00 L1C DE
G99 99 59560 081000 0780 099 0099 +9999999999 +99999       +1559   -259   27 999 9999 +999 9999 +999 00 00 L1C E1
G99 99 59560 082600 0780 099 0099 +9999999999 +99999       +1577   -375   32 999 9999 +999 9999 +999 00 00 L1C E3
G99 99 59560 084200 0780 099 0099 +9999999999 +99999       +1554   +137   27 999 9999 +999 9999 +999 00 00 L1C DA
G99 99 59560 091000 0780 099 0099 +9999999999 +99999       +1554    +68   31 999 9999 +999 9999 +999 00 00 L1C C4
G99 99 59560 092600 0780 099 0099 +9999999999 +99999       +1574   -216   28 999 9999 +999 9999 +999 00 00 L1C E0
G99 99 59560 094200 0780 099 0099 +9999999999 +99999       +1543   +672   39 999 9999 +999 9999 +999 00 00 L1C E0
G99 99 59560 095800 0780 099 0099 +9999999999 +99999       +1568   +255   29 999 9999 +999 9999 +999 00 00 L1C EA
G99 99 59560 101400 0780 099 0099 +9999999999 +99999       +1552    -82   22 999 9999 +999 9999 +999 00 00 L1C BC
G99 99 59560 103000 0780 099 0099 +9999999999 +99999       +1566  -1203   30 999 9999 +999 9999 +999 00 00 L1C DA
G99 99 59560 104600 0780 099 0099 +9999999999 +99999       +1554    +58   23 999 9999 +999 9999 +999 00 00 L1C C5
G99 99 59560 110200 0780 099 0099 +9999999999 +99999       +1579   -359   21 999 9999 +999 9999 +999 00 00 L1C D9
G99 99 59560 111800 0780 099 0099 +9999999999 +99999       +1574   +251   22 999 9999 +999 9999 +999 00 00 L1C D1
G99 99 59560 113400 0780 099 0099 +9999999999 +99999       +1568    -87   22 999 9999 +999 9999 +999 00 00 L1C CB
G99 99 59560 115000 0780 099 0099 +9999999999 +99999       +1551   +174   21 999 9999 +999 9999 +999 00 00 L1C CB
G99 99 59560 120600 0780 099 0099 +9999999999 +99999       +1542   -331   22 999 9999 +999 9999 +999 00 00 L1C CB
G99 99 59560 122200 0780 099 0099 +9999999999 +99999       +1557   +669   30 999 9999 +999 9999 +999 00 00 L1C DA
G99 99 59560 123800 0780 099 0099 +9999999999 +99999       +1576    -28   25 999 9999 +999 9999 +999 00 00 L1C CD
G99 99 59560 131000 0780 099 0099 +9999999999 +99999       +1527   -688   27 999 9999 +999 9999 +999 00 00 L1C DE
G99 99 59560 132600 0780 099 0099 +9999999999 +99999       +1521   +858   27 999 9999 +999 9999 +999 00 00 L1C DC
G99 99 59560 134200 0780 099 0099 +9999999999 +99999       +1538   +205   28 999 9999 +999 9999 +999 00 00 L1C D5
G99 99 59560 135800 0780 099 0099 +9999999999 +99999       +1553   -617   27 999 9999 +999 9999 +999 00 00 L1C E1
G99 99 59560 141400 0780 099 0099 +9999999999 +99999       +1523   -125   34 999 9999 +999 9999 +999 00 00 L1C CF
G99 99 59560 143000 0780 099 0099 +9999999999 +99999       +1524   -351   25 999 9999 +999 9999 +999 00 00 L1C CF
G99 99 59560 144600 0780 099 0099 +9999999999 +99999       +1496   +387   26 999 9999 +999 9999 +999 00 00 L1C E6
G99 99 59560 150200 0780 099 0099 +9999999999 +99999       +1504   -587   25 999 9999 +999 9999 +999 00 00 L1C D8
G99 99 59560 151800 0780 099 0099 +9999999999 +99999       +1493   -252   27 999 9999 +999 9999 +999 00 00 L1C DD
G99 99 59560 153400 0780 099 0099 +9999999999 +99999       +1505   +111   21 999 9999 +999 9999 +999 00 00 L1C C7
G99 99 59560 155000 0780 099 0099 +9999999999 +99999       +1494   -184   27 999 9999 +999 9999 +999 00 00 L1C DE
G99 99 59560 160600 0780 099 0099 +9999999999 +99999       +1509   +404   26 999 9999 +999 9999 +999 00 00 L1C D5
G99 99 59560 162200 0780 099 0099 +9999999999 +99999       +1525   +146   34 999 9999 +999 9999 +999 00 00 L1C D3
G99 99 59560 163800 0780 099 0099 +9999999999 +99999       +1525    +93   33 999 9999 +999 9999 +999 00 00 L1C CA
G99 99 59560 165400 0780 099 0099 +9999999999 +99999       +1539    +15   28 999 9999 +999 9999 +999 00 00 L1C CB
G99 99 59560 171000 0780 099 0099 +9999999999 +99999       +1530  -1196   30 999 9999 +999 9999 +999 00 00 L1C E1
G99 99 59560 172600 0780 099 0099 +9999999999 +99999       +1523    +52   25 999 9999 +999 9999 +999 00 00 L1C C2
G99 99 59560 174200 0780 099 0099 +9999999999 +99999       +1518    +11   21 999 9999 +999 9999 +999 00 00 L1C BB
G99 99 59560 175800 0780 099 0099 +9999999999 +99999       +1522   +370   22 999 9999 +999 9999 +999 00 00 L1C D6
G99 99 59560 181400 0780 099 0099 +9999999999 +99999       +1532   +190   25 999 9999 +999 9999 +999 00 00 L1C D3
G99 99 59560 183000 0780 099 0099 +9999999999 +99999       +1544   -177   26 999 9999 +999 9999 +999 00 00 L1C DC
G99 99 59560 184600 0780 099 0099 +9999999999 +99999       +1542   +437   24 999 9999 +999 9999 +999 00 00 L1C DC
G99 99 59560 190200 0780 099 0099 +9999999999 +99999       +1543   +228   22 999 9999 +999 9999 +999 00 00 L1C D2
G99 99 59560 191800 0780 099 0099 +9999999999 +99999       +1549   +684   33 999 9999 +999 9999 +999 00 00 L1C E7
G99 99 59560 193400 0780 099 0099 +9999999999 +99999       +1537   -826   26 999 9999 +999 9999 +999 00 00 L1C E4
G99 99 59560 195000 0780 099 0099 +9999999999 +99999       +1516   +936   30 999 9999 +999 9999 +999 00 00 L1C DA
G99 99 59560 200600 0780 099 0099 +9999999999 +99999       +1555   +371   30 999 9999 +999 9999 +999 00 00 L1C CF
G99 99 59560 202200 0780 099 0099 +9999999999 +99999       +1560   -359   37 999 9999 +999 9999 +999 00 00 L1C D8
G99 99 59560 203800 0780 099 0099 +9999999999 +99999       +1556   -728   28 999 9999 +999 9999 +999 00 00 L1C E4
G99 99 59560 205400 0780 099 0099 +9999999999 +99999       +1551    +34   27 999 9999 +999 9999 +999 00 00 L1C C0
G99 99 59560 211000 0780 099 0099 +9999999999 +99999       +1527   -176   21 999 9999 +999 9999 +999 00 00 L1C CF
G99 99 59560 212600 0780 099 0099 +9999999999 +99999       +1537  -1338   35 999 9999 +999 9999 +999 00 00 L1C ED
G99 99 59560 214200 0780 099 0099 +9999999999 +99999       +1534   -845   32 999 9999 +999 9999 +999 00 00 L1C D7
G99 99 59560 215800 0780 099 0099 +9999999999 +99999       +1518    +15   29 999 9999 +999 9999 +999 00 00 L1C C9
G99 99 59560 221400 0780 099 0099 +9999999999 +99999       +1547   +673   28 999 9999 +999 9999 +999 00 00 L1C DD
G99 99 59560 223000 0780 099 0099 +9999999999 +99999       +1560   -424   27 999 9999 +999 9999 +999 00 00 L1C D1
G99 99 59560 224600 0780 099 0099 +9999999999 +99999       +1557   -261   25 999 9999 +999 9999 +999 00 00 L1C DB
G99 99 59560 230200 0780 099 0099 +9999999999 +99999       +1551   -324   21 999 9999 +999 9999 +999 00 00 L1C CA
G99 99 59560 231800 0780 099 0099 +9999999999 +99999       +1554   +115   26 999 9999 +999 9999 +999 00 00 L1C D5
G99 99 59560 233400 0780 099 0099 +9999999999 +99999       +1562   -302   19 999 9999 +999 9999 +999 00 00 L1C D4
G99 99 59560 235000 0780 099 0099 +9999999999 +99999       +1551   +436   21 999 9999 +999 9999 +999 00 00 L1C CF
