CGGTTS GENERIC DATA FORMAT VERSION = 2E
REV DATE = 2014-02-20
RCVR = GORGYTIMING SYREF25 18259999 2018 v00
CH = 12
IMS = 99999
LAB = SY82
X = +4314143.808 m
Y =  +452633.302 m
Z = +4660711.557 m
FRAME = ITRF
COMMENTS = NO COMMENTS
SYS DLY = 000.0 ns (GPS C1)     CAL_ID = NA
CAB DLY = 000.0 ns
REF DLY = 000.0 ns
REF = REF(SY82)
CKSUM = CF

SAT CL  MJD  STTIME TRKL ELV AZTH   REFSV      SRSV     REFSYS    SRSYS  DSG IOE MDTR SMDT MDIO SMDI FR HC FRC CK
             hhmmss s   .1dg .1dg    .1ns     .1ps/s     .1ns    .1ps/s .1ns     .1ns.1ps/s.1ns.1ps/s
G99 99 59538 000200 0780 099 0099 +9999999999 +99999       +1662   +414   24 999 9999 +999 9999 +999 00 00 L1C CE
G99 99 59538 001800 0780 099 0099 +9999999999 +99999       +1647  -1544   35 999 9999 +999 9999 +999 00 00 L1C F1
G99 99 59538 003400 0780 099 0099 +9999999999 +99999       +1630   +253   23 999 9999 +999 9999 +999 00 00 L1C CE
G99 99 59538 005000 0780 099 0099 +9999999999 +99999       +1618    -67   18 999 9999 +999 9999 +999 00 00 L1C CB
G99 99 59538 010600 0780 099 0099 +9999999999 +99999       +1637   -100   20 999 9999 +999 9999 +999 00 00 L1C CB
G99 99 59538 012200 0780 099 0099 +9999999999 +99999       +1621   +245   25 999 9999 +999 9999 +999 00 00 L1C CF
G99 99 59538 013800 0780 099 0099 +9999999999 +99999       +1617   -379   28 999 9999 +999 9999 +999 00 00 L1C E8
G99 99 59538 015400 0780 099 0099 +9999999999 +99999       +1635   +998   30 999 9999 +999 9999 +999 00 00 L1C E4
G99 99 59538 021000 0780 099 0099 +9999999999 +99999       +1643   -359   24 999 9999 +999 9999 +999 00 00 L1C D8
G99 99 59538 022600 0780 099 0099 +9999999999 +99999       +1644   -254   27 999 9999 +999 9999 +999 00 00 L1C DD
G99 99 59538 024200 0780 099 0099 +9999999999 +99999       +1625   -329   25 999 9999 +999 9999 +999 00 00 L1C DB
G99 99 59538 025800 0780 099 0099 +9999999999 +99999       +1624    -26   24 999 9999 +999 9999 +999 00 00 L1C CA
G99 99 59538 031400 0780 099 0099 +9999999999 +99999       +1638   -420   25 999 9999 +999 9999 +999 00 00 L1C D7
G99 99 59538 033000 0780 099 0099 +9999999999 +99999       +1615   -151   25 999 9999 +999 9999 +999 00 00 L1C D1
G99 99 59538 034600 0780 099 0099 +9999999999 +99999       +1618   -284   18 999 9999 +999 9999 +999 00 00 L1C E4
G99 99 59538 040200 0780 099 0099 +9999999999 +99999       +1608   +292   23 999 9999 +999 9999 +999 00 00 L1C D5
G99 99 59538 041800 0780 099 0099 +9999999999 +99999       +1588   -184   20 999 9999 +999 9999 +999 00 00 L1C E2
G99 99 59538 043400 0780 099 0099 +9999999999 +99999       +1610   +248   24 999 9999 +999 9999 +999 00 00 L1C D5
G99 99 59538 045000 0780 099 0099 +9999999999 +99999       +1637   +429   19 999 9999 +999 9999 +999 00 00 L1C E1
G99 99 59538 050600 0780 099 0099 +9999999999 +99999       +1628    -47   22 999 9999 +999 9999 +999 00 00 L1C CB
G99 99 59538 052200 0780 099 0099 +9999999999 +99999       +1634   -419   26 999 9999 +999 9999 +999 00 00 L1C DD
G99 99 59538 053800 0780 099 0099 +9999999999 +99999       +1626   +617   23 999 9999 +999 9999 +999 00 00 L1C E0
G99 99 59538 055400 0780 099 0099 +9999999999 +99999       +1642   +358   20 999 9999 +999 9999 +999 00 00 L1C DB
G99 99 59538 061000 0780 099 0099 +9999999999 +99999       +1650   +296   22 999 9999 +999 9999 +999 00 00 L1C D6
G99 99 59538 062600 0780 099 0099 +9999999999 +99999       +1657   -301   22 999 9999 +999 9999 +999 00 00 L1C D9
G99 99 59538 064200 0780 099 0099 +9999999999 +99999       +1659   +116   24 999 9999 +999 9999 +999 00 00 L1C DD
G99 99 59538 065800 0780 099 0099 +9999999999 +99999       +1648   -855   23 999 9999 +999 9999 +999 00 00 L1C ED
G99 99 59538 071400 0780 099 0099 +9999999999 +99999       +1637   -139   19 999 9999 +999 9999 +999 00 00 L1C E4
G99 99 59538 073000 0780 099 0099 +9999999999 +99999       +1621   -318   16 999 9999 +999 9999 +999 00 00 L1C D7
G99 99 59538 074600 0780 099 0099 +9999999999 +99999       +1639   -349   24 999 9999 +999 9999 +999 00 00 L1C EA
G99 99 59538 080200 0780 099 0099 +9999999999 +99999       +1626   +977   30 999 9999 +999 9999 +999 00 00 L1C E1
G99 99 59538 081800 0780 099 0099 +9999999999 +99999       +1634  +1189   28 999 9999 +999 9999 +999 00 00 L1C FA
G99 99 59538 083400 0780 099 0099 +9999999999 +99999       +1642   +455   31 999 9999 +999 9999 +999 00 00 L1C DC
G99 99 59538 085000 0780 099 0099 +9999999999 +99999       +1680   +607   35 999 9999 +999 9999 +999 00 00 L1C DF
G99 99 59538 090600 0780 099 0099 +9999999999 +99999       +1662   -839   25 999 9999 +999 9999 +999 00 00 L1C E9
G99 99 59538 092200 0780 099 0099 +9999999999 +99999       +1633   -225   26 999 9999 +999 9999 +999 00 00 L1C DB
G99 99 59538 093800 0780 099 0099 +9999999999 +99999       +1640    +23   29 999 9999 +999 9999 +999 00 00 L1C CD
G99 99 59538 095400 0780 099 0099 +9999999999 +99999       +1644    -96   26 999 9999 +999 9999 +999 00 00 L1C D8
G99 99 59538 101000 0780 099 0099 +9999999999 +99999       +1637   -220   18 999 9999 +999 9999 +999 00 00 L1C D0
G99 99 59538 103800 0780 099 0099 +9999999999 +99999       +1626    +71   25 999 9999 +999 9999 +999 00 00 L1C C8
G99 99 59538 105400 0780 099 0099 +9999999999 +99999       +1640   +418   28 999 9999 +999 9999 +999 00 00 L1C DA
G99 99 59538 111000 0780 099 0099 +9999999999 +99999       +1614  -1480   34 999 9999 +999 9999 +999 00 00 L1C E3
G99 99 59538 112600 0780 099 0099 +9999999999 +99999       +1614   +635   29 999 9999 +999 9999 +999 00 00 L1C DD
G99 99 59538 114200 0780 099 0099 +9999999999 +99999       +1619   -368   28 999 9999 +999 9999 +999 00 00 L1C E4
G99 99 59538 115800 0780 099 0099 +9999999999 +99999       +1618   +454   21 999 9999 +999 9999 +999 00 00 L1C DD
G99 99 59538 121400 0780 099 0099 +9999999999 +99999       +1602   -402   29 999 9999 +999 9999 +999 00 00 L1C D2
G99 99 59538 123000 0780 099 0099 +9999999999 +99999       +1625   -269   29 999 9999 +999 9999 +999 00 00 L1C E0
G99 99 59538 124600 0780 099 0099 +9999999999 +99999       +1614   +140   25 999 9999 +999 9999 +999 00 00 L1C D3
G99 99 59538 130200 0780 099 0099 +9999999999 +99999       +1616    +38   26 999 9999 +999 9999 +999 00 00 L1C C5
G99 99 59538 131800 0780 099 0099 +9999999999 +99999       +1601    +32   22 999 9999 +999 9999 +999 00 00 L1C BC
G99 99 59538 133400 0780 099 0099 +9999999999 +99999       +1592   -731   27 999 9999 +999 9999 +999 00 00 L1C E0
G99 99 59538 135000 0780 099 0099 +9999999999 +99999       +1606   +507   26 999 9999 +999 9999 +999 00 00 L1C D8
G99 99 59538 140600 0780 099 0099 +9999999999 +99999       +1614   -127   26 999 9999 +999 9999 +999 00 00 L1C D9
G99 99 59538 143800 0780 099 0099 +9999999999 +99999       +1557   -818   28 999 9999 +999 9999 +999 00 00 L1C ED
G99 99 59538 145400 0780 099 0099 +9999999999 +99999       +1539   +289   22 999 9999 +999 9999 +999 00 00 L1C E5
G99 99 59538 151000 0780 099 0099 +9999999999 +99999       +1551   +366   32 999 9999 +999 9999 +999 00 00 L1C D5
G99 99 59538 152600 0780 099 0099 +9999999999 +99999       +1581  -1605   32 999 9999 +999 9999 +999 00 00 L1C EE
G99 99 59538 154200 0780 099 0099 +9999999999 +99999       +1540   -456   25 999 9999 +999 9999 +999 00 00 L1C DC
G99 99 59538 155800 0780 099 0099 +9999999999 +99999       +1539    +19   24 999 9999 +999 9999 +999 00 00 L1C D3
G99 99 59538 161400 0780 099 0099 +9999999999 +99999       +1523   +235   37 999 9999 +999 9999 +999 00 00 L1C D9
G99 99 59538 163000 0780 099 0099 +9999999999 +99999       +1530   -231   22 999 9999 +999 9999 +999 00 00 L1C CD
G99 99 59538 164600 0780 099 0099 +9999999999 +99999       +1528     -0   23 999 9999 +999 9999 +999 00 00 L1C B6
G99 99 59538 170200 0780 099 0099 +9999999999 +99999       +1539    +79   21 999 9999 +999 9999 +999 00 00 L1C CD
G99 99 59538 171800 0780 099 0099 +9999999999 +99999       +1535   -335   28 999 9999 +999 9999 +999 00 00 L1C E4
G99 99 59538 173400 0780 099 0099 +9999999999 +99999       +1550    -93   24 999 9999 +999 9999 +999 00 00 L1C CC
G99 99 59538 175000 0780 099 0099 +9999999999 +99999       +1570   +270   34 999 9999 +999 9999 +999 00 00 L1C D8
G99 99 59538 180600 0780 099 0099 +9999999999 +99999       +1583   +427   23 999 9999 +999 9999 +999 00 00 L1C E0
G99 99 59538 182200 0780 099 0099 +9999999999 +99999       +1577   +637   28 999 9999 +999 9999 +999 00 00 L1C E9
G99 99 59538 183800 0780 099 0099 +9999999999 +99999       +1566  -1165   33 999 9999 +999 9999 +999 00 00 L1C F9
G99 99 59538 185400 0780 099 0099 +9999999999 +99999       +1558   +547   29 999 9999 +999 9999 +999 00 00 L1C EE
G99 99 59538 191000 0780 099 0099 +9999999999 +99999       +1553   -237   21 999 9999 +999 9999 +999 00 00 L1C D8
G99 99 59538 192600 0780 099 0099 +9999999999 +99999       +1545   +170   29 999 9999 +999 9999 +999 00 00 L1C E2
G99 99 59538 194200 0780 099 0099 +9999999999 +99999       +1552   -108   21 999 9999 +999 9999 +999 00 00 L1C D9
G99 99 59538 195800 0780 099 0099 +9999999999 +99999       +1561    -92   25 999 9999 +999 9999 +999 00 00 L1C D6
G99 99 59538 201400 0780 099 0099 +9999999999 +99999       +1559   -154   26 999 9999 +999 9999 +999 00 00 L1C DD
G99 99 59538 203000 0780 099 0099 +9999999999 +99999       +1557   +511   26 999 9999 +999 9999 +999 00 00 L1C D4
G99 99 59538 204600 0780 099 0099 +9999999999 +99999       +1575   +157   28 999 9999 +999 9999 +999 00 00 L1C E3
G99 99 59538 210200 0780 099 0099 +9999999999 +99999       +1544  -1055   28 999 9999 +999 9999 +999 00 00 L1C E8
G99 99 59538 211800 0780 099 0099 +9999999999 +99999       +1536    +85   26 999 9999 +999 9999 +999 00 00 L1C CE
G99 99 59538 213400 0780 099 0099 +9999999999 +99999       +1565   -360   27 999 9999 +999 9999 +999 00 00 L1C DD
G99 99 59538 215000 0780 099 0099 +9999999999 +99999       +1579   -301   21 999 9999 +999 9999 +999 00 00 L1C D5
G99 99 59538 220600 0780 099 0099 +9999999999 +99999       +1572   -193   23 999 9999 +999 9999 +999 00 00 L1C DB
G99 99 59538 222200 0780 099 0099 +9999999999 +99999       +1556   -189   24 999 9999 +999 9999 +999 00 00 L1C E1
G99 99 59538 223800 0780 099 0099 +9999999999 +99999       +1538    +47   25 999 9999 +999 9999 +999 00 00 L1C D0
G99 99 59538 225400 0780 099 0099 +9999999999 +99999       +1564   -430   32 999 9999 +999 9999 +999 00 00 L1C D9
G99 99 59538 231000 0780 099 0099 +9999999999 +99999       +1551   -764   30 999 9999 +999 9999 +999 00 00 L1C D6
G99 99 59538 232600 0780 099 0099 +9999999999 +99999       +1535   -208   33 999 9999 +999 9999 +999 00 00 L1C DB
G99 99 59538 234200 0780 099 0099 +9999999999 +99999       +1528    +74   25 999 9999 +999 9999 +999 00 00 L1C CB
