CGGTTS GENERIC DATA FORMAT VERSION = 2E
REV DATE = 2014-02-20
RCVR = GORGYTIMING SYREF25 18259999 2018 v00
CH = 12
IMS = 99999
LAB = SY82
X = +4314134.582 m
Y =  +452631.996 m
Z = +4660704.532 m
FRAME = ITRF
COMMENTS = NO COMMENTS
SYS DLY = 000.0 ns (GPS C1)     CAL_ID = NA
CAB DLY = 000.0 ns
REF DLY = 000.0 ns
REF = REF(SY82)
CKSUM = DA

SAT CL  MJD  STTIME TRKL ELV AZTH   REFSV      SRSV     REFSYS    SRSYS  DSG IOE MDTR SMDT MDIO SMDI FR HC FRC CK
             hhmmss s   .1dg .1dg    .1ns     .1ps/s     .1ns    .1ps/s .1ns     .1ns.1ps/s.1ns.1ps/s
G99 99 59512 001000 0780 099 0099 +9999999999 +99999 +9999989370    -81   25 999 9999 +999 9999 +999 00 00 L1C 51
G99 99 59512 002600 0780 099 0099 +9999999999 +99999 +9999989405   +639   25 999 9999 +999 9999 +999 00 00 L1C 6E
G99 99 59512 004200 0780 099 0099 +9999999999 +99999 +9999989403   +157   23 999 9999 +999 9999 +999 00 00 L1C 63
G99 99 59512 005800 0780 099 0099 +9999999999 +99999 +9999989398   -506   31 999 9999 +999 9999 +999 00 00 L1C 76
G99 99 59512 011400 0780 099 0099 +9999999999 +99999 +9999989396   -328   28 999 9999 +999 9999 +999 00 00 L1C 75
G99 99 59512 013000 0780 099 0099 +9999999999 +99999 +9999989392  +1094   29 999 9999 +999 9999 +999 00 00 L1C 7F
G99 99 59512 014600 0780 099 0099 +9999999999 +99999 +9999989382   -357   33 999 9999 +999 9999 +999 00 00 L1C 73
G99 99 59512 020200 0780 099 0099 +9999999999 +99999 +9999989378   -340   28 999 9999 +999 9999 +999 00 00 L1C 6D
G99 99 59512 021800 0780 099 0099 +9999999999 +99999 +9999989369   -456   29 999 9999 +999 9999 +999 00 00 L1C 7D
G99 99 59512 023400 0780 099 0099 +9999999999 +99999 +9999989369   +366   22 999 9999 +999 9999 +999 00 00 L1C 72
G99 99 59512 025000 0780 099 0099 +9999999999 +99999 +9999989383    -42   19 999 9999 +999 9999 +999 00 00 L1C 5B
G99 99 59512 030600 0780 099 0099 +9999999999 +99999 +9999989381   +461   25 999 9999 +999 9999 +999 00 00 L1C 6B
G99 99 59512 032200 0780 099 0099 +9999999999 +99999 +9999989366   -213   26 999 9999 +999 9999 +999 00 00 L1C 6A
G99 99 59512 033800 0780 099 0099 +9999999999 +99999 +9999989371   +583   26 999 9999 +999 9999 +999 00 00 L1C 75
G99 99 59512 035400 0780 099 0099 +9999999999 +99999 +9999989372   -172   24 999 9999 +999 9999 +999 00 00 L1C 6E
G99 99 59512 041000 0780 099 0099 +9999999999 +99999 +9999989372   -222   26 999 9999 +999 9999 +999 00 00 L1C 65
G99 99 59512 042600 0780 099 0099 +9999999999 +99999 +9999989371   -362   24 999 9999 +999 9999 +999 00 00 L1C 6E
G99 99 59512 044200 0780 099 0099 +9999999999 +99999 +9999989351   -149   26 999 9999 +999 9999 +999 00 00 L1C 6F
G99 99 59512 045800 0780 099 0099 +9999999999 +99999 +9999989373   -190   25 999 9999 +999 9999 +999 00 00 L1C 75
G99 99 59512 051400 0780 099 0099 +9999999999 +99999 +9999989378   +126   27 999 9999 +999 9999 +999 00 00 L1C 72
G99 99 59512 053000 0780 099 0099 +9999999999 +99999 +9999989386   +262   24 999 9999 +999 9999 +999 00 00 L1C 6D
G99 99 59512 054600 0780 099 0099 +9999999999 +99999 +9999989382  +1182   30 999 9999 +999 9999 +999 00 00 L1C 7F
G99 99 59512 060200 0780 099 0099 +9999999999 +99999 +9786691251 +6985746982 1498309234 999 9999 +999 9999 +999 00 00 L1C CC
G99 99 59512 061800 0780 099 0099 +9999999999 +99999 +9999989382   -246   26 999 9999 +999 9999 +999 00 00 L1C 76
G99 99 59512 063400 0779 099 0099 +9999999999 +99999 +9999989377   +435   23 999 9999 +999 9999 +999 00 00 L1C 7B
G99 99 59512 065000 0780 099 0099 +9999999999 +99999 +9999989374   +405   26 999 9999 +999 9999 +999 00 00 L1C 6E
G99 99 59512 070600 0780 099 0099 +9999999999 +99999 +9999989363   -929   34 999 9999 +999 9999 +999 00 00 L1C 7A
G99 99 59512 072200 0780 099 0099 +9999999999 +99999 +9999989376   +424   28 999 9999 +999 9999 +999 00 00 L1C 73
G99 99 59512 082600 0780 099 0099 +9999999999 +99999 +9999989261   -707   25 999 9999 +999 9999 +999 00 00 L1C 74
G99 99 59512 084200 0780 099 0099 +9999999999 +99999 +9999989254   -785   26 999 9999 +999 9999 +999 00 00 L1C 7B
G99 99 59512 085800 0780 099 0099 +9999999999 +99999 +9999989268   +489   22 999 9999 +999 9999 +999 00 00 L1C 82
G99 99 59512 091400 0780 099 0099 +9999999999 +99999 +9999989277   -136   23 999 9999 +999 9999 +999 00 00 L1C 73
G99 99 59512 093000 0780 099 0099 +9999999999 +99999 +9999989258   -391   24 999 9999 +999 9999 +999 00 00 L1C 74
G99 99 59512 094600 0780 099 0099 +9999999999 +99999 +9999989259   +318   22 999 9999 +999 9999 +999 00 00 L1C 77
G99 99 59512 100200 0780 099 0099 +9999999999 +99999 +9999989276   -209   24 999 9999 +999 9999 +999 00 00 L1C 69
G99 99 59512 101800 0780 099 0099 +9999999999 +99999 +9999989247   -397   20 999 9999 +999 9999 +999 00 00 L1C 72
G99 99 59512 103400 0780 099 0099 +9999999999 +99999 +9771255041 +16163229267 1575774549 999 9999 +999 9999 +999 00 00 L1C AE
G99 99 59512 105000 0780 099 0099 +9999999999 +99999 +9999989234   -334   25 999 9999 +999 9999 +999 00 00 L1C 66
G99 99 59512 110600 0780 099 0099 +9999999999 +99999 +9999989201    -85   19 999 9999 +999 9999 +999 00 00 L1C 58
G99 99 59512 112200 0780 099 0099 +9999999999 +99999 +9999989202   +629   29 999 9999 +999 9999 +999 00 00 L1C 6A
G99 99 59512 113800 0780 099 0099 +9999999999 +99999 +9999989213  +1384   35 999 9999 +999 9999 +999 00 00 L1C 7F
G99 99 59512 115400 0780 099 0099 +9999999999 +99999 +9999989251    -68   25 999 9999 +999 9999 +999 00 00 L1C 5E
G99 99 59512 122200 0780 099 0099 +9999999999 +99999 +9999989229   -194   26 999 9999 +999 9999 +999 00 00 L1C 70
