CGGTTS GENERIC DATA FORMAT VERSION = 2E
REV DATE = 2014-02-20
RCVR = GORGYTIMING SYREF25 18259999 2018 v00
CH = 12
IMS = 99999
LAB = SY82
X = +4314143.824 m
Y =  +452633.241 m
Z = +4660711.385 m
FRAME = ITRF
COMMENTS = NO COMMENTS
SYS DLY = 000.0 ns (GPS C1)     CAL_ID = NA
CAB DLY = 000.0 ns
REF DLY = 000.0 ns
REF = REF(SY82)
CKSUM = CE

SAT CL  MJD  STTIME TRKL ELV AZTH   REFSV      SRSV     REFSYS    SRSYS  DSG IOE MDTR SMDT MDIO SMDI FR HC FRC CK
             hhmmss s   .1dg .1dg    .1ns     .1ps/s     .1ns    .1ps/s .1ns     .1ns.1ps/s.1ns.1ps/s
G99 99 59567 001400 0780 099 0099 +9999999999 +99999       +1561   -151   27 999 9999 +999 9999 +999 00 00 L1C D4
G99 99 59567 003000 0780 099 0099 +9999999999 +99999       +1554   -319   28 999 9999 +999 9999 +999 00 00 L1C DB
G99 99 59567 004600 0780 099 0099 +9999999999 +99999       +1550   +239   28 999 9999 +999 9999 +999 00 00 L1C DD
G99 99 59567 010200 0780 099 0099 +9999999999 +99999       +1530   +147   20 999 9999 +999 9999 +999 00 00 L1C CA
G99 99 59567 011800 0780 099 0099 +9999999999 +99999       +1541   -385   20 999 9999 +999 9999 +999 00 00 L1C D9
G99 99 59567 013400 0780 099 0099 +9999999999 +99999       +1554   -217   28 999 9999 +999 9999 +999 00 00 L1C DD
G99 99 59567 015000 0780 099 0099 +9999999999 +99999       +1532   -233   27 999 9999 +999 9999 +999 00 00 L1C D4
G99 99 59567 020600 0780 099 0099 +9999999999 +99999       +1547    +22   23 999 9999 +999 9999 +999 00 00 L1C C2
G99 99 59567 022200 0780 099 0099 +9999999999 +99999       +1513    -29   19 999 9999 +999 9999 +999 00 00 L1C C7
G99 99 59567 023800 0780 099 0099 +9999999999 +99999       +1562   +349   26 999 9999 +999 9999 +999 00 00 L1C E3
G99 99 59567 025400 0780 099 0099 +9999999999 +99999       +1554   +128   21 999 9999 +999 9999 +999 00 00 L1C D8
G99 99 59567 031000 0780 099 0099 +9999999999 +99999       +1544   +258   21 999 9999 +999 9999 +999 00 00 L1C D4
G99 99 59567 032600 0780 099 0099 +9999999999 +99999       +1535  -1504   31 999 9999 +999 9999 +999 00 00 L1C E9
G99 99 59567 034200 0780 099 0099 +9999999999 +99999       +1531   +205   23 999 9999 +999 9999 +999 00 00 L1C CF
G99 99 59567 035800 0780 099 0099 +9999999999 +99999       +1537   -273   28 999 9999 +999 9999 +999 00 00 L1C E8
G99 99 59567 041400 0780 099 0099 +9999999999 +99999       +1572   -412   21 999 9999 +999 9999 +999 00 00 L1C D4
G99 99 59567 043000 0780 099 0099 +9999999999 +99999       +1557   -678   28 999 9999 +999 9999 +999 00 00 L1C EA
G99 99 59567 044600 0780 099 0099 +9999999999 +99999       +1571   +256   22 999 9999 +999 9999 +999 00 00 L1C DD
G99 99 59567 050200 0780 099 0099 +9999999999 +99999       +1540     +1   18 999 9999 +999 9999 +999 00 00 L1C AB
G99 99 59567 051800 0780 099 0099 +9999999999 +99999       +1533   -226   19 999 9999 +999 9999 +999 00 00 L1C E0
G99 99 59567 053400 0780 099 0099 +9999999999 +99999       +1529   +586   25 999 9999 +999 9999 +999 00 00 L1C E7
G99 99 59567 055000 0780 099 0099 +9999999999 +99999       +1547    -64   23 999 9999 +999 9999 +999 00 00 L1C CC
G99 99 59567 060600 0780 099 0099 +9999999999 +99999       +1540   +333   20 999 9999 +999 9999 +999 00 00 L1C D1
G99 99 59567 062200 0780 099 0099 +9999999999 +99999       +1530   +914   28 999 9999 +999 9999 +999 00 00 L1C DB
G99 99 59567 063800 0780 099 0099 +9999999999 +99999       +1563   +129   21 999 9999 +999 9999 +999 00 00 L1C DF
G99 99 59567 065400 0780 099 0099 +9999999999 +99999       +1566   +226   22 999 9999 +999 9999 +999 00 00 L1C DF
G99 99 59567 071000 0780 099 0099 +9999999999 +99999       +1553   -742   26 999 9999 +999 9999 +999 00 00 L1C DD
G99 99 59567 072600 0780 099 0099 +9999999999 +99999       +1549    -29   19 999 9999 +999 9999 +999 00 00 L1C D9
G99 99 59567 074200 0780 099 0099 +9999999999 +99999       +1552    +79   24 999 9999 +999 9999 +999 00 00 L1C D0
G99 99 59567 075800 0780 099 0099 +9999999999 +99999       +1561   -428   33 999 9999 +999 9999 +999 00 00 L1C E7
G99 99 59567 081400 0780 099 0099 +9999999999 +99999       +1545   +367   26 999 9999 +999 9999 +999 00 00 L1C E4
G99 99 59567 084200 0780 099 0099 +9999999999 +99999       +1530   +137   21 999 9999 +999 9999 +999 00 00 L1C D5
G99 99 59567 085800 0780 099 0099 +9999999999 +99999       +1534   +330   32 999 9999 +999 9999 +999 00 00 L1C DD
G99 99 59567 091400 0780 099 0099 +9999999999 +99999       +1518   +473   27 999 9999 +999 9999 +999 00 00 L1C E4
G99 99 59567 093000 0780 099 0099 +9999999999 +99999       +1516   +407   24 999 9999 +999 9999 +999 00 00 L1C DA
G99 99 59567 094600 0780 099 0099 +9999999999 +99999       +1510    +26   21 999 9999 +999 9999 +999 00 00 L1C C5
G99 99 59567 100200 0780 099 0099 +9999999999 +99999       +1509  -1558   31 999 9999 +999 9999 +999 00 00 L1C EB
G99 99 59567 101800 0780 099 0099 +9999999999 +99999       +1498   -823   32 999 9999 +999 9999 +999 00 00 L1C E4
G99 99 59567 103400 0780 099 0099 +9999999999 +99999       +1512   -218   29 999 9999 +999 9999 +999 00 00 L1C D9
G99 99 59567 105000 0780 099 0099 +9999999999 +99999       +1513   -210   20 999 9999 +999 9999 +999 00 00 L1C C7
G99 99 59567 110600 0780 099 0099 +9999999999 +99999       +1501   -381   22 999 9999 +999 9999 +999 00 00 L1C D1
G99 99 59567 112200 0780 099 0099 +9999999999 +99999       +1480   +405   28 999 9999 +999 9999 +999 00 00 L1C D6
G99 99 59567 113800 0780 099 0099 +9999999999 +99999       +1454   -716   22 999 9999 +999 9999 +999 00 00 L1C DF
G99 99 59567 115400 0780 099 0099 +9999999999 +99999       +1466   +509   32 999 9999 +999 9999 +999 00 00 L1C DF
G99 99 59567 121000 0780 099 0099 +9999999999 +99999       +1456    -47   23 999 9999 +999 9999 +999 00 00 L1C C6
G99 99 59567 124200 0780 099 0099 +9999999999 +99999       +1409  -1181   34 999 9999 +999 9999 +999 00 00 L1C EB
G99 99 59567 125800 0780 099 0099 +9999999999 +99999       +1402   +906   26 999 9999 +999 9999 +999 00 00 L1C DE
G99 99 59567 131400 0780 099 0099 +9999999999 +99999       +1424   +485   28 999 9999 +999 9999 +999 00 00 L1C DF
G99 99 59567 133000 0780 099 0099 +9999999999 +99999       +1446   +111   29 999 9999 +999 9999 +999 00 00 L1C D4
G99 99 59567 134600 0780 099 0099 +9999999999 +99999       +1419   +380   33 999 9999 +999 9999 +999 00 00 L1C DE
G99 99 59567 140200 0780 099 0099 +9999999999 +99999       +1408   -558   27 999 9999 +999 9999 +999 00 00 L1C E1
G99 99 59567 141800 0780 099 0099 +9999999999 +99999       +1380   +780   27 999 9999 +999 9999 +999 00 00 L1C E2
G99 99 59567 143400 0780 099 0099 +9999999999 +99999       +1387  -1063   27 999 9999 +999 9999 +999 00 00 L1C F4
G99 99 59567 145000 0780 099 0099 +9999999999 +99999       +1380   -943   30 999 9999 +999 9999 +999 00 00 L1C DB
G99 99 59567 150600 0780 099 0099 +9999999999 +99999       +1399  +1095   32 999 9999 +999 9999 +999 00 00 L1C F6
G99 99 59567 152200 0780 099 0099 +9999999999 +99999       +1392   -658   30 999 9999 +999 9999 +999 00 00 L1C E1
G99 99 59567 153800 0780 099 0099 +9999999999 +99999       +1406   +244   27 999 9999 +999 9999 +999 00 00 L1C DF
G99 99 59567 155400 0780 099 0099 +9999999999 +99999       +1436   -664   32 999 9999 +999 9999 +999 00 00 L1C E4
G99 99 59567 161000 0780 099 0099 +9999999999 +99999       +1453    +72   27 999 9999 +999 9999 +999 00 00 L1C C7
G99 99 59567 162600 0780 099 0099 +9999999999 +99999       +1452    -37   21 999 9999 +999 9999 +999 00 00 L1C CA
G99 99 59567 164200 0780 099 0099 +9999999999 +99999       +1451  -1906   40 999 9999 +999 9999 +999 00 00 L1C EE
G99 99 59567 165800 0780 099 0099 +9999999999 +99999       +1440   +386   24 999 9999 +999 9999 +999 00 00 L1C E4
G99 99 59567 171400 0780 099 0099 +9999999999 +99999       +1439     +1   22 999 9999 +999 9999 +999 00 00 L1C B3
G99 99 59567 173000 0780 099 0099 +9999999999 +99999       +1437    +63   23 999 9999 +999 9999 +999 00 00 L1C C8
G99 99 59567 174600 0780 099 0099 +9999999999 +99999       +1452   +702   23 999 9999 +999 9999 +999 00 00 L1C DC
G99 99 59567 180200 0780 099 0099 +9999999999 +99999       +1482   -165   24 999 9999 +999 9999 +999 00 00 L1C DE
G99 99 59567 181800 0780 099 0099 +9999999999 +99999       +1491   +640   26 999 9999 +999 9999 +999 00 00 L1C E3
G99 99 59567 183400 0780 099 0099 +9999999999 +99999       +1498   -165   35 999 9999 +999 9999 +999 00 00 L1C EC
G99 99 59567 185000 0780 099 0099 +9999999999 +99999       +1518   +275   27 999 9999 +999 9999 +999 00 00 L1C E4
G99 99 59567 190600 0780 099 0099 +9999999999 +99999       +1504   -931   24 999 9999 +999 9999 +999 00 00 L1C DF
G99 99 59567 192200 0780 099 0099 +9999999999 +99999       +1503   +969   28 999 9999 +999 9999 +999 00 00 L1C E9
G99 99 59567 193800 0780 099 0099 +9999999999 +99999       +1548   +273   28 999 9999 +999 9999 +999 00 00 L1C ED
G99 99 59567 195400 0780 099 0099 +9999999999 +99999       +1546   -791   33 999 9999 +999 9999 +999 00 00 L1C EC
G99 99 59567 201000 0780 099 0099 +9999999999 +99999       +1534    -28   28 999 9999 +999 9999 +999 00 00 L1C C6
G99 99 59567 202600 0780 099 0099 +9999999999 +99999       +1533   -202   27 999 9999 +999 9999 +999 00 00 L1C D5
G99 99 59567 204200 0780 099 0099 +9999999999 +99999       +1516   +245   27 999 9999 +999 9999 +999 00 00 L1C D9
G99 99 59567 205800 0780 099 0099 +9999999999 +99999       +1508   -982   29 999 9999 +999 9999 +999 00 00 L1C ED
G99 99 59567 211400 0780 099 0099 +9999999999 +99999       +1518   -603   29 999 9999 +999 9999 +999 00 00 L1C DD
G99 99 59567 213000 0780 099 0099 +9999999999 +99999       +1506   -112   28 999 9999 +999 9999 +999 00 00 L1C D2
G99 99 59567 214600 0780 099 0099 +9999999999 +99999       +1522   +789   35 999 9999 +999 9999 +999 00 00 L1C E7
G99 99 59567 220200 0780 099 0099 +9999999999 +99999       +1552   +262   36 999 9999 +999 9999 +999 00 00 L1C D6
G99 99 59567 221800 0780 099 0099 +9999999999 +99999       +1532   -865   39 999 9999 +999 9999 +999 00 00 L1C E9
G99 99 59567 223400 0780 099 0099 +9999999999 +99999       +1499   -100   21 999 9999 +999 9999 +999 00 00 L1C D8
G99 99 59567 225000 0780 099 0099 +9999999999 +99999       +1500   +306   30 999 9999 +999 9999 +999 00 00 L1C CB
G99 99 59567 230600 0780 099 0099 +9999999999 +99999       +1504   +165   31 999 9999 +999 9999 +999 00 00 L1C D5
G99 99 59567 232200 0780 099 0099 +9999999999 +99999       +1506   +595   21 999 9999 +999 9999 +999 00 00 L1C DB
G99 99 59567 233800 0780 099 0099 +9999999999 +99999       +1500   +437   21 999 9999 +999 9999 +999 00 00 L1C D7
G99 99 59567 235400 0780 099 0099 +9999999999 +99999       +1537   +656   33 999 9999 +999 9999 +999 00 00 L1C E5
