CGGTTS GENERIC DATA FORMAT VERSION = 2E
REV DATE = 2014-02-20
RCVR = GORGYTIMING SYREF25 18259999 2018 v00
CH = 12
IMS = 99999
LAB = SY82
X = +4314143.824 m
Y =  +452633.241 m
Z = +4660711.385 m
FRAME = ITRF
COMMENTS = NO COMMENTS
SYS DLY = 000.0 ns (GPS C1)     CAL_ID = NA
CAB DLY = 000.0 ns
REF DLY = 000.0 ns
REF = REF(SY82)
CKSUM = CE

SAT CL  MJD  STTIME TRKL ELV AZTH   REFSV      SRSV     REFSYS    SRSYS  DSG IOE MDTR SMDT MDIO SMDI FR HC FRC CK
             hhmmss s   .1dg .1dg    .1ns     .1ps/s     .1ns    .1ps/s .1ns     .1ns.1ps/s.1ns.1ps/s
G99 99 59562 000200 0780 099 0099 +9999999999 +99999       +1551   +121   18 999 9999 +999 9999 +999 00 00 L1C C6
G99 99 59562 001800 0780 099 0099 +9999999999 +99999       +1580  +1242   30 999 9999 +999 9999 +999 00 00 L1C DE
G99 99 59562 003400 0780 099 0099 +9999999999 +99999       +1583   -111   18 999 9999 +999 9999 +999 00 00 L1C D1
G99 99 59562 005000 0780 099 0099 +9999999999 +99999       +1586   -488   25 999 9999 +999 9999 +999 00 00 L1C E1
G99 99 59562 010600 0780 099 0099 +9999999999 +99999       +1571    -26   23 999 9999 +999 9999 +999 00 00 L1C BF
G99 99 59562 012200 0780 099 0099 +9999999999 +99999       +1536   -214   28 999 9999 +999 9999 +999 00 00 L1C D2
G99 99 59562 013800 0780 099 0099 +9999999999 +99999       +1557   -266   24 999 9999 +999 9999 +999 00 00 L1C DF
G99 99 59562 015400 0780 099 0099 +9999999999 +99999       +1565   +151   23 999 9999 +999 9999 +999 00 00 L1C D2
G99 99 59562 021000 0780 099 0099 +9999999999 +99999       +1571   -353   21 999 9999 +999 9999 +999 00 00 L1C CC
G99 99 59562 022600 0780 099 0099 +9999999999 +99999       +1552   +309   22 999 9999 +999 9999 +999 00 00 L1C D2
G99 99 59562 024200 0780 099 0099 +9999999999 +99999       +1538   +297   22 999 9999 +999 9999 +999 00 00 L1C DA
G99 99 59562 025800 0780 099 0099 +9999999999 +99999       +1538   -126   24 999 9999 +999 9999 +999 00 00 L1C DC
G99 99 59562 031400 0780 099 0099 +9999999999 +99999       +1557     -2   21 999 9999 +999 9999 +999 00 00 L1C AC
G99 99 59562 033000 0780 099 0099 +9999999999 +99999       +1548   -185   23 999 9999 +999 9999 +999 00 00 L1C D8
G99 99 59562 034600 0780 099 0099 +9999999999 +99999       +1539   -901   27 999 9999 +999 9999 +999 00 00 L1C DF
G99 99 59562 040200 0780 099 0099 +9999999999 +99999       +1555   +131   25 999 9999 +999 9999 +999 00 00 L1C CD
G99 99 59562 041800 0780 099 0099 +9999999999 +99999       +1562    +90   22 999 9999 +999 9999 +999 00 00 L1C C3
G99 99 59562 043400 0780 099 0099 +9999999999 +99999       +1595   +319   21 999 9999 +999 9999 +999 00 00 L1C DA
G99 99 59562 045000 0780 099 0099 +9999999999 +99999       +1599   -742   32 999 9999 +999 9999 +999 00 00 L1C E0
G99 99 59562 050600 0780 099 0099 +9999999999 +99999       +1586   +315   20 999 9999 +999 9999 +999 00 00 L1C D5
G99 99 59562 052200 0780 099 0099 +9999999999 +99999       +1572   -197   22 999 9999 +999 9999 +999 00 00 L1C DA
G99 99 59562 053800 0780 099 0099 +9999999999 +99999       +1572     +6   18 999 9999 +999 9999 +999 00 00 L1C B9
G99 99 59562 055400 0780 099 0099 +9999999999 +99999       +1567    +87   20 999 9999 +999 9999 +999 00 00 L1C CD
G99 99 59562 061000 0780 099 0099 +9999999999 +99999       +1584   +323   25 999 9999 +999 9999 +999 00 00 L1C D3
G99 99 59562 062600 0780 099 0099 +9999999999 +99999       +1573   +736   23 999 9999 +999 9999 +999 00 00 L1C DE
G99 99 59562 064200 0780 099 0099 +9999999999 +99999       +1597   +882   18 999 9999 +999 9999 +999 00 00 L1C E8
G99 99 59562 065800 0780 099 0099 +9999999999 +99999       +1611    -50   26 999 9999 +999 9999 +999 00 00 L1C C6
G99 99 59562 071400 0780 099 0099 +9999999999 +99999       +1622   +512   25 999 9999 +999 9999 +999 00 00 L1C D1
G99 99 59562 073000 0780 099 0099 +9999999999 +99999       +1599   -209   20 999 9999 +999 9999 +999 00 00 L1C DC
G99 99 59562 074600 0780 099 0099 +9999999999 +99999       +1595   -152   25 999 9999 +999 9999 +999 00 00 L1C E1
G99 99 59562 080200 0780 099 0099 +9999999999 +99999       +1603   -416   29 999 9999 +999 9999 +999 00 00 L1C D7
G99 99 59562 081800 0780 099 0099 +9999999999 +99999       +1625   -343   34 999 9999 +999 9999 +999 00 00 L1C DD
G99 99 59562 083400 0780 099 0099 +9999999999 +99999       +1598   +266   24 999 9999 +999 9999 +999 00 00 L1C E5
G99 99 59562 090200 0780 099 0099 +9999999999 +99999       +1590    +79   27 999 9999 +999 9999 +999 00 00 L1C CE
G99 99 59562 091800 0780 099 0099 +9999999999 +99999       +1613   +214   26 999 9999 +999 9999 +999 00 00 L1C D7
G99 99 59562 093400 0780 099 0099 +9999999999 +99999       +1592   +588   29 999 9999 +999 9999 +999 00 00 L1C EC
G99 99 59562 095000 0780 099 0099 +9999999999 +99999       +1596   +456   24 999 9999 +999 9999 +999 00 00 L1C E3
G99 99 59562 100600 0780 099 0099 +9999999999 +99999       +1587    +63   25 999 9999 +999 9999 +999 00 00 L1C C7
G99 99 59562 102200 0780 099 0099 +9999999999 +99999       +1610   -293   27 999 9999 +999 9999 +999 00 00 L1C D1
G99 99 59562 103800 0780 099 0099 +9999999999 +99999       +1600   -889   32 999 9999 +999 9999 +999 00 00 L1C DE
G99 99 59562 105400 0780 099 0099 +9999999999 +99999       +1601   -176   22 999 9999 +999 9999 +999 00 00 L1C D1
G99 99 59562 111000 0780 099 0099 +9999999999 +99999       +1607   -753   21 999 9999 +999 9999 +999 00 00 L1C D0
G99 99 59562 112600 0780 099 0099 +9999999999 +99999       +1601   +111   22 999 9999 +999 9999 +999 00 00 L1C C4
G99 99 59562 114200 0780 099 0099 +9999999999 +99999       +1580   +627   27 999 9999 +999 9999 +999 00 00 L1C D9
G99 99 59562 115800 0780 099 0099 +9999999999 +99999       +1571   -104   22 999 9999 +999 9999 +999 00 00 L1C D3
G99 99 59562 121400 0780 099 0099 +9999999999 +99999       +1578   +477   27 999 9999 +999 9999 +999 00 00 L1C E3
G99 99 59562 123000 0780 099 0099 +9999999999 +99999       +1589   +408   24 999 9999 +999 9999 +999 00 00 L1C DA
G99 99 59562 130200 0780 099 0099 +9999999999 +99999       +1550   -832   27 999 9999 +999 9999 +999 00 00 L1C D4
G99 99 59562 131800 0780 099 0099 +9999999999 +99999       +1529    -69   28 999 9999 +999 9999 +999 00 00 L1C D4
G99 99 59562 133400 0780 099 0099 +9999999999 +99999       +1554   +383   31 999 9999 +999 9999 +999 00 00 L1C D7
G99 99 59562 135000 0780 099 0099 +9999999999 +99999       +1574   -265   25 999 9999 +999 9999 +999 00 00 L1C DB
G99 99 59562 140600 0780 099 0099 +9999999999 +99999       +1549   -320   27 999 9999 +999 9999 +999 00 00 L1C D9
G99 99 59562 142200 0780 099 0099 +9999999999 +99999       +1547   +367   28 999 9999 +999 9999 +999 00 00 L1C DF
G99 99 59562 143800 0780 099 0099 +9999999999 +99999       +1536   +461   29 999 9999 +999 9999 +999 00 00 L1C E0
G99 99 59562 145400 0780 099 0099 +9999999999 +99999       +1543  -1044   28 999 9999 +999 9999 +999 00 00 L1C EB
G99 99 59562 151000 0780 099 0099 +9999999999 +99999       +1537     -2   25 999 9999 +999 9999 +999 00 00 L1C AD
G99 99 59562 152600 0780 099 0099 +9999999999 +99999       +1562   +383   24 999 9999 +999 9999 +999 00 00 L1C DB
G99 99 59562 154200 0780 099 0099 +9999999999 +99999       +1545   +225   29 999 9999 +999 9999 +999 00 00 L1C DA
G99 99 59562 155800 0780 099 0099 +9999999999 +99999       +1558   +194   22 999 9999 +999 9999 +999 00 00 L1C E3
G99 99 59562 161400 0780 099 0099 +9999999999 +99999       +1573   +183   27 999 9999 +999 9999 +999 00 00 L1C DC
G99 99 59562 163000 0780 099 0099 +9999999999 +99999       +1576  -1150   32 999 9999 +999 9999 +999 00 00 L1C E6
G99 99 59562 164600 0780 099 0099 +9999999999 +99999       +1566   +274   31 999 9999 +999 9999 +999 00 00 L1C DF
G99 99 59562 170200 0780 099 0099 +9999999999 +99999       +1577  -1437   33 999 9999 +999 9999 +999 00 00 L1C F0
G99 99 59562 171800 0780 099 0099 +9999999999 +99999       +1541    +22   23 999 9999 +999 9999 +999 00 00 L1C C0
G99 99 59562 173400 0780 099 0099 +9999999999 +99999       +1544   +227   22 999 9999 +999 9999 +999 00 00 L1C D7
G99 99 59562 175000 0780 099 0099 +9999999999 +99999       +1554   +180   30 999 9999 +999 9999 +999 00 00 L1C D3
G99 99 59562 180600 0780 099 0099 +9999999999 +99999       +1568   -151   22 999 9999 +999 9999 +999 00 00 L1C DB
G99 99 59562 182200 0780 099 0099 +9999999999 +99999       +1564   +524   23 999 9999 +999 9999 +999 00 00 L1C D8
G99 99 59562 183800 0780 099 0099 +9999999999 +99999       +1571   +640   20 999 9999 +999 9999 +999 00 00 L1C D9
G99 99 59562 185400 0780 099 0099 +9999999999 +99999       +1572   +345   24 999 9999 +999 9999 +999 00 00 L1C DE
G99 99 59562 191000 0780 099 0099 +9999999999 +99999       +1574   +287   30 999 9999 +999 9999 +999 00 00 L1C DB
G99 99 59562 192600 0780 099 0099 +9999999999 +99999       +1579   -874   30 999 9999 +999 9999 +999 00 00 L1C EB
G99 99 59562 194200 0780 099 0099 +9999999999 +99999       +1551   +760   26 999 9999 +999 9999 +999 00 00 L1C DC
G99 99 59562 195800 0780 099 0099 +9999999999 +99999       +1589   +797   27 999 9999 +999 9999 +999 00 00 L1C F9
G99 99 59562 201400 0780 099 0099 +9999999999 +99999       +1600   -339   31 999 9999 +999 9999 +999 00 00 L1C CE
G99 99 59562 203000 0780 099 0099 +9999999999 +99999       +1598   -787   28 999 9999 +999 9999 +999 00 00 L1C E9
G99 99 59562 204600 0780 099 0099 +9999999999 +99999       +1589   -258   25 999 9999 +999 9999 +999 00 00 L1C E6
G99 99 59562 210200 0780 099 0099 +9999999999 +99999       +1568    +42   26 999 9999 +999 9999 +999 00 00 L1C C2
G99 99 59562 211800 0780 099 0099 +9999999999 +99999       +1575   -872   30 999 9999 +999 9999 +999 00 00 L1C DF
G99 99 59562 213400 0780 099 0099 +9999999999 +99999       +1570   -734   30 999 9999 +999 9999 +999 00 00 L1C D5
G99 99 59562 215000 0780 099 0099 +9999999999 +99999       +1555   -218   25 999 9999 +999 9999 +999 00 00 L1C D7
G99 99 59562 220600 0780 099 0099 +9999999999 +99999       +1575  +1217   34 999 9999 +999 9999 +999 00 00 L1C E9
G99 99 59562 222200 0780 099 0099 +9999999999 +99999       +1606   -332   30 999 9999 +999 9999 +999 00 00 L1C CD
G99 99 59562 223800 0780 099 0099 +9999999999 +99999       +1591    -72   28 999 9999 +999 9999 +999 00 00 L1C CF
G99 99 59562 225400 0780 099 0099 +9999999999 +99999       +1588    -45   20 999 9999 +999 9999 +999 00 00 L1C CB
G99 99 59562 231000 0780 099 0099 +9999999999 +99999       +1592   -134   25 999 9999 +999 9999 +999 00 00 L1C D3
G99 99 59562 232600 0780 099 0099 +9999999999 +99999       +1568   -407   18 999 9999 +999 9999 +999 00 00 L1C E2
G99 99 59562 234200 0780 099 0099 +9999999999 +99999       +1564   +698   28 999 9999 +999 9999 +999 00 00 L1C E7
