CGGTTS GENERIC DATA FORMAT VERSION = 2E
REV DATE = 2014-02-20
RCVR = GORGYTIMING SYREF25 18259999 2018 v00
CH = 12
IMS = 99999
LAB = SY82
X = +4314143.824 m
Y =  +452633.241 m
Z = +4660711.385 m
FRAME = ITRF
COMMENTS = NO COMMENTS
SYS DLY = 000.0 ns (GPS C1)     CAL_ID = NA
CAB DLY = 000.0 ns
REF DLY = 000.0 ns
REF = REF(SY82)
CKSUM = CE

SAT CL  MJD  STTIME TRKL ELV AZTH   REFSV      SRSV     REFSYS    SRSYS  DSG IOE MDTR SMDT MDIO SMDI FR HC FRC CK
             hhmmss s   .1dg .1dg    .1ns     .1ps/s     .1ns    .1ps/s .1ns     .1ns.1ps/s.1ns.1ps/s
G99 99 59554 000200 0780 099 0099 +9999999999 +99999       +1507   -303   22 999 9999 +999 9999 +999 00 00 L1C C7
G99 99 59554 001800 0780 099 0099 +9999999999 +99999       +1502   +385   18 999 9999 +999 9999 +999 00 00 L1C D6
G99 99 59554 003400 0780 099 0099 +9999999999 +99999       +1488   +103   22 999 9999 +999 9999 +999 00 00 L1C D0
G99 99 59554 005000 0780 099 0099 +9999999999 +99999       +1521  +1308   32 999 9999 +999 9999 +999 00 00 L1C DB
G99 99 59554 010600 0780 099 0099 +9999999999 +99999       +1530   +263   23 999 9999 +999 9999 +999 00 00 L1C CC
G99 99 59554 012200 0780 099 0099 +9999999999 +99999       +1522   -274   25 999 9999 +999 9999 +999 00 00 L1C D1
G99 99 59554 013800 0780 099 0099 +9999999999 +99999       +1542   -473   27 999 9999 +999 9999 +999 00 00 L1C DD
G99 99 59554 015400 0780 099 0099 +9999999999 +99999       +1502    -67   25 999 9999 +999 9999 +999 00 00 L1C C4
G99 99 59554 021000 0780 099 0099 +9999999999 +99999       +1513   -589   28 999 9999 +999 9999 +999 00 00 L1C DB
G99 99 59554 022600 0780 099 0099 +9999999999 +99999       +1522   +650   27 999 9999 +999 9999 +999 00 00 L1C D4
G99 99 59554 024200 0780 099 0099 +9999999999 +99999       +1544    +24   29 999 9999 +999 9999 +999 00 00 L1C C3
G99 99 59554 025800 0780 099 0099 +9999999999 +99999       +1518   +639   28 999 9999 +999 9999 +999 00 00 L1C E6
G99 99 59554 031400 0780 099 0099 +9999999999 +99999       +1494   +518   25 999 9999 +999 9999 +999 00 00 L1C DB
G99 99 59554 033000 0780 099 0099 +9999999999 +99999       +1512   +223   32 999 9999 +999 9999 +999 00 00 L1C C7
G99 99 59554 034600 0780 099 0099 +9999999999 +99999       +1526   -114   22 999 9999 +999 9999 +999 00 00 L1C D3
G99 99 59554 040200 0780 099 0099 +9999999999 +99999       +1521   +221   28 999 9999 +999 9999 +999 00 00 L1C CA
G99 99 59554 041800 0780 099 0099 +9999999999 +99999       +1519   -759   31 999 9999 +999 9999 +999 00 00 L1C E4
G99 99 59554 043400 0780 099 0099 +9999999999 +99999       +1522   +379   22 999 9999 +999 9999 +999 00 00 L1C D8
G99 99 59554 045000 0780 099 0099 +9999999999 +99999       +1530   +307   26 999 9999 +999 9999 +999 00 00 L1C D0
G99 99 59554 050600 0780 099 0099 +9999999999 +99999       +1553   -367   30 999 9999 +999 9999 +999 00 00 L1C DA
G99 99 59554 052200 0780 099 0099 +9999999999 +99999       +1542   -385   27 999 9999 +999 9999 +999 00 00 L1C DC
G99 99 59554 053800 0780 099 0099 +9999999999 +99999       +1558   +646   26 999 9999 +999 9999 +999 00 00 L1C E7
G99 99 59554 055400 0780 099 0099 +9999999999 +99999       +1538   -851   27 999 9999 +999 9999 +999 00 00 L1C E4
G99 99 59554 061000 0780 099 0099 +9999999999 +99999       +1528    -60   23 999 9999 +999 9999 +999 00 00 L1C C0
G99 99 59554 062600 0780 099 0099 +9999999999 +99999       +1526   +460   26 999 9999 +999 9999 +999 00 00 L1C DA
G99 99 59554 064200 0780 099 0099 +9999999999 +99999       +1548   -215   28 999 9999 +999 9999 +999 00 00 L1C DE
G99 99 59554 065800 0780 099 0099 +9999999999 +99999       +1537   +674   25 999 9999 +999 9999 +999 00 00 L1C E7
G99 99 59554 071400 0780 099 0099 +9999999999 +99999       +1555   +440   22 999 9999 +999 9999 +999 00 00 L1C D4
G99 99 59554 073000 0780 099 0099 +9999999999 +99999       +1565  +1234   27 999 9999 +999 9999 +999 00 00 L1C EA
G99 99 59554 074600 0780 099 0099 +9999999999 +99999       +1603   +593   32 999 9999 +999 9999 +999 00 00 L1C DD
G99 99 59554 080200 0780 099 0099 +9999999999 +99999       +1576   -881   27 999 9999 +999 9999 +999 00 00 L1C E5
G99 99 59554 081800 0780 099 0099 +9999999999 +99999       +1569     -1   29 999 9999 +999 9999 +999 00 00 L1C C0
G99 99 59554 083400 0780 099 0099 +9999999999 +99999       +1565   -154   26 999 9999 +999 9999 +999 00 00 L1C E0
G99 99 59554 085000 0780 099 0099 +9999999999 +99999       +1581    +33   25 999 9999 +999 9999 +999 00 00 L1C C5
G99 99 59554 090600 0780 099 0099 +9999999999 +99999       +1558    +23   23 999 9999 +999 9999 +999 00 00 L1C C8
G99 99 59554 093400 0780 099 0099 +9999999999 +99999       +1556    -78   26 999 9999 +999 9999 +999 00 00 L1C D6
G99 99 59554 095000 0780 099 0099 +9999999999 +99999       +1572   +165   24 999 9999 +999 9999 +999 00 00 L1C DB
G99 99 59554 100600 0780 099 0099 +9999999999 +99999       +1555   +709   38 999 9999 +999 9999 +999 00 00 L1C DE
G99 99 59554 102200 0780 099 0099 +9999999999 +99999       +1562   +115   23 999 9999 +999 9999 +999 00 00 L1C CB
G99 99 59554 103800 0780 099 0099 +9999999999 +99999       +1555   -461   25 999 9999 +999 9999 +999 00 00 L1C DC
G99 99 59554 105400 0780 099 0099 +9999999999 +99999       +1568   -541   36 999 9999 +999 9999 +999 00 00 L1C DF
G99 99 59554 111000 0780 099 0099 +9999999999 +99999       +1553   -226   28 999 9999 +999 9999 +999 00 00 L1C D3
G99 99 59554 112600 0780 099 0099 +9999999999 +99999       +1551   -786   24 999 9999 +999 9999 +999 00 00 L1C DF
G99 99 59554 114200 0780 099 0099 +9999999999 +99999       +1558   -753   27 999 9999 +999 9999 +999 00 00 L1C E1
G99 99 59554 115800 0780 099 0099 +9999999999 +99999       +1562   -441   24 999 9999 +999 9999 +999 00 00 L1C DA
G99 99 59554 121400 0780 099 0099 +9999999999 +99999       +1532  +1041   26 999 9999 +999 9999 +999 00 00 L1C DD
G99 99 59554 123000 0780 099 0099 +9999999999 +99999       +1524   -177   23 999 9999 +999 9999 +999 00 00 L1C D4
G99 99 59554 124600 0780 099 0099 +9999999999 +99999       +1547   +930   32 999 9999 +999 9999 +999 00 00 L1C DB
G99 99 59554 130200 0780 099 0099 +9999999999 +99999       +1550   -342   30 999 9999 +999 9999 +999 00 00 L1C CB
G99 99 59554 133400 0780 099 0099 +9999999999 +99999       +1512   -718   27 999 9999 +999 9999 +999 00 00 L1C DB
G99 99 59554 135000 0780 099 0099 +9999999999 +99999       +1497   -163   22 999 9999 +999 9999 +999 00 00 L1C DA
G99 99 59554 140600 0780 099 0099 +9999999999 +99999       +1519   +402   30 999 9999 +999 9999 +999 00 00 L1C D0
G99 99 59554 142200 0780 099 0099 +9999999999 +99999       +1536   -782   24 999 9999 +999 9999 +999 00 00 L1C DD
G99 99 59554 143800 0780 099 0099 +9999999999 +99999       +1503   -570   27 999 9999 +999 9999 +999 00 00 L1C DC
G99 99 59554 145400 0780 099 0099 +9999999999 +99999       +1501   -147   21 999 9999 +999 9999 +999 00 00 L1C D2
G99 99 59554 151000 0780 099 0099 +9999999999 +99999       +1478   +964   26 999 9999 +999 9999 +999 00 00 L1C E2
G99 99 59554 152600 0780 099 0099 +9999999999 +99999       +1479   -405   29 999 9999 +999 9999 +999 00 00 L1C E5
G99 99 59554 154200 0780 099 0099 +9999999999 +99999       +1479   -301   22 999 9999 +999 9999 +999 00 00 L1C D7
G99 99 59554 155800 0780 099 0099 +9999999999 +99999       +1499   +482   28 999 9999 +999 9999 +999 00 00 L1C EE
G99 99 59554 161400 0780 099 0099 +9999999999 +99999       +1486   -619   34 999 9999 +999 9999 +999 00 00 L1C E4
G99 99 59554 163000 0780 099 0099 +9999999999 +99999       +1502   +291   28 999 9999 +999 9999 +999 00 00 L1C D4
G99 99 59554 164600 0780 099 0099 +9999999999 +99999       +1524    +65   26 999 9999 +999 9999 +999 00 00 L1C CC
G99 99 59554 170200 0780 099 0099 +9999999999 +99999       +1533   +228   27 999 9999 +999 9999 +999 00 00 L1C D7
G99 99 59554 171800 0780 099 0099 +9999999999 +99999       +1538   +404   29 999 9999 +999 9999 +999 00 00 L1C E1
G99 99 59554 173400 0780 099 0099 +9999999999 +99999       +1525  -1631   39 999 9999 +999 9999 +999 00 00 L1C F1
G99 99 59554 175000 0780 099 0099 +9999999999 +99999       +1532   +636   29 999 9999 +999 9999 +999 00 00 L1C DE
G99 99 59554 180600 0780 099 0099 +9999999999 +99999       +1524   +160   20 999 9999 +999 9999 +999 00 00 L1C D0
G99 99 59554 182200 0780 099 0099 +9999999999 +99999       +1527   +964   27 999 9999 +999 9999 +999 00 00 L1C E4
G99 99 59554 183800 0780 099 0099 +9999999999 +99999       +1543    -13   21 999 9999 +999 9999 +999 00 00 L1C C6
G99 99 59554 185400 0780 099 0099 +9999999999 +99999       +1559    +63   22 999 9999 +999 9999 +999 00 00 L1C CF
G99 99 59554 191000 0780 099 0099 +9999999999 +99999       +1548    +27   23 999 9999 +999 9999 +999 00 00 L1C C7
G99 99 59554 192600 0780 099 0099 +9999999999 +99999       +1544    -41   28 999 9999 +999 9999 +999 00 00 L1C CD
G99 99 59554 194200 0780 099 0099 +9999999999 +99999       +1555   +313   23 999 9999 +999 9999 +999 00 00 L1C D8
G99 99 59554 195800 0780 099 0099 +9999999999 +99999       +1529   -910   28 999 9999 +999 9999 +999 00 00 L1C EA
G99 99 59554 201400 0780 099 0099 +9999999999 +99999       +1522    +63   21 999 9999 +999 9999 +999 00 00 L1C B9
G99 99 59554 203000 0780 099 0099 +9999999999 +99999       +1544   +400   26 999 9999 +999 9999 +999 00 00 L1C CB
G99 99 59554 204600 0780 099 0099 +9999999999 +99999       +1561   -730   27 999 9999 +999 9999 +999 00 00 L1C DA
G99 99 59554 210200 0780 099 0099 +9999999999 +99999       +1553   -337   22 999 9999 +999 9999 +999 00 00 L1C D2
G99 99 59554 211800 0780 099 0099 +9999999999 +99999       +1537    +28   24 999 9999 +999 9999 +999 00 00 L1C C8
G99 99 59554 213400 0780 099 0099 +9999999999 +99999       +1526   +118   19 999 9999 +999 9999 +999 00 00 L1C D8
G99 99 59554 215000 0780 099 0099 +9999999999 +99999       +1536    -52   29 999 9999 +999 9999 +999 00 00 L1C C7
G99 99 59554 220600 0780 099 0099 +9999999999 +99999       +1535   -375   20 999 9999 +999 9999 +999 00 00 L1C D7
G99 99 59554 222200 0780 099 0099 +9999999999 +99999       +1521   -456   24 999 9999 +999 9999 +999 00 00 L1C D4
G99 99 59554 223800 0780 099 0099 +9999999999 +99999       +1518   +574   24 999 9999 +999 9999 +999 00 00 L1C E0
G99 99 59554 225400 0780 099 0099 +9999999999 +99999       +1538   -471   24 999 9999 +999 9999 +999 00 00 L1C DE
G99 99 59554 231000 0780 099 0099 +9999999999 +99999       +1517   -510   21 999 9999 +999 9999 +999 00 00 L1C CB
G99 99 59554 232600 0780 099 0099 +9999999999 +99999       +1508   -141   25 999 9999 +999 9999 +999 00 00 L1C D6
G99 99 59554 234200 0780 099 0099 +9999999999 +99999       +1503    +88   19 999 9999 +999 9999 +999 00 00 L1C CA
