CGGTTS GENERIC DATA FORMAT VERSION = 2E
REV DATE = 2014-02-20
RCVR = GORGYTIMING SYREF25 18259999 2018 v00
CH = 12
IMS = 99999
LAB = SY82
X = +4314137.334 m
Y =  +452632.813 m
Z = +4660706.403 m
FRAME = ITRF
COMMENTS = NO COMMENTS
SYS DLY = 000.0 ns (GPS C1)     CAL_ID = NA
CAB DLY = 000.0 ns
REF DLY = 000.0 ns
REF = REF(SY82)
CKSUM = CC

SAT CL  MJD  STTIME TRKL ELV AZTH   REFSV      SRSV     REFSYS    SRSYS  DSG IOE MDTR SMDT MDIO SMDI FR HC FRC CK
             hhmmss s   .1dg .1dg    .1ns     .1ps/s     .1ns    .1ps/s .1ns     .1ns.1ps/s.1ns.1ps/s
G99 99 59506 000200 0780 099 0099 +9999999999 +99999 +9999989141   -181   31 999 9999 +999 9999 +999 00 00 L1C 5F
G99 99 59506 001800 0780 099 0099 +9999999999 +99999 +9999989122   +201   25 999 9999 +999 9999 +999 00 00 L1C 5F
G99 99 59506 003400 0780 099 0099 +9999999999 +99999 +9999989119   -344   32 999 9999 +999 9999 +999 00 00 L1C 6B
G99 99 59506 005000 0780 099 0099 +9999999999 +99999 +9999989138    -50   21 999 9999 +999 9999 +999 00 00 L1C 52
G99 99 59506 010600 0780 099 0099 +9999999999 +99999 +9999989122   -534   24 999 9999 +999 9999 +999 00 00 L1C 67
G99 99 59506 012200 0780 099 0099 +9999999999 +99999 +9999989128   +396   29 999 9999 +999 9999 +999 00 00 L1C 74
G99 99 59506 013800 0780 099 0099 +9999999999 +99999 +9999989127  -1082   28 999 9999 +999 9999 +999 00 00 L1C 84
G99 99 59506 015400 0780 099 0099 +9999999999 +99999 +9999989122  +1018   30 999 9999 +999 9999 +999 00 00 L1C 73
G99 99 59506 021000 0780 099 0099 +9999999999 +99999 +9999989131   +124   29 999 9999 +999 9999 +999 00 00 L1C 61
G99 99 59506 022600 0780 099 0099 +9999999999 +99999 +9999989130   +315   34 999 9999 +999 9999 +999 00 00 L1C 65
G99 99 59506 024200 0780 099 0099 +9999999999 +99999 +9999989127   +140   23 999 9999 +999 9999 +999 00 00 L1C 63
G99 99 59506 025800 0780 099 0099 +9999999999 +99999 +9999989120    +54   21 999 9999 +999 9999 +999 00 00 L1C 55
G99 99 59506 031400 0780 099 0099 +9999999999 +99999 +9999989133   +175   20 999 9999 +999 9999 +999 00 00 L1C 65
G99 99 59506 033000 0780 099 0099 +9999999999 +99999 +9999989128   +179   21 999 9999 +999 9999 +999 00 00 L1C 6C
G99 99 59506 034600 0780 099 0099 +9999999999 +99999 +9999989123   -799   25 999 9999 +999 9999 +999 00 00 L1C 7C
G99 99 59506 040200 0780 099 0099 +9999999999 +99999 +9999989125    +65   24 999 9999 +999 9999 +999 00 00 L1C 56
G99 99 59506 041800 0780 099 0099 +9999999999 +99999 +9999989141   -235   27 999 9999 +999 9999 +999 00 00 L1C 6F
G99 99 59506 043400 0780 099 0099 +9999999999 +99999 +9999989126   +283   25 999 9999 +999 9999 +999 00 00 L1C 6F
G99 99 59506 045000 0780 099 0099 +9999999999 +99999 +9999989121   -309   24 999 9999 +999 9999 +999 00 00 L1C 68
G99 99 59506 050600 0780 099 0099 +9999999999 +99999 +9999989103   -401   25 999 9999 +999 9999 +999 00 00 L1C 64
G99 99 59506 052200 0780 099 0099 +9999999999 +99999 +9999989119   +601   26 999 9999 +999 9999 +999 00 00 L1C 6A
G99 99 59506 053800 0780 099 0099 +9999999999 +99999 +9999989123   +379   34 999 9999 +999 9999 +999 00 00 L1C 77
G99 99 59506 055400 0780 099 0099 +9999999999 +99999 +9999989136   +654   25 999 9999 +999 9999 +999 00 00 L1C 75
G99 99 59506 061000 0780 099 0099 +9999999999 +99999 +9999989126   +623   23 999 9999 +999 9999 +999 00 00 L1C 67
G99 99 59506 062600 0780 099 0099 +9999999999 +99999 +9999989134   +154   23 999 9999 +999 9999 +999 00 00 L1C 6C
G99 99 59506 064200 0780 099 0099 +9999999999 +99999 +9999989139   -167   21 999 9999 +999 9999 +999 00 00 L1C 73
G99 99 59506 065800 0780 099 0099 +9999999999 +99999 +9999989136   +415   28 999 9999 +999 9999 +999 00 00 L1C 78
G99 99 59506 071400 0780 099 0099 +9999999999 +99999 +9999989134   +181   27 999 9999 +999 9999 +999 00 00 L1C 6E
G99 99 59506 073000 0780 099 0099 +9999999999 +99999 +9999989130   -858   29 999 9999 +999 9999 +999 00 00 L1C 77
G99 99 59506 074600 0780 099 0099 +9999999999 +99999 +9999989131   +258   31 999 9999 +999 9999 +999 00 00 L1C 70
G99 99 59506 080200 0780 099 0099 +9999999999 +99999 +9999989144    +71   23 999 9999 +999 9999 +999 00 00 L1C 57
G99 99 59506 081800 0780 099 0099 +9999999999 +99999 +9999989151   +283   29 999 9999 +999 9999 +999 00 00 L1C 77
G99 99 59506 083400 0780 099 0099 +9999999999 +99999 +9999989147   -204   21 999 9999 +999 9999 +999 00 00 L1C 6D
G99 99 59506 093800 0780 099 0099 +9999999999 +99999 +9999989146   -378   22 999 9999 +999 9999 +999 00 00 L1C 7E
G99 99 59506 095400 0780 099 0099 +9999999999 +99999 +9999989136   -420   22 999 9999 +999 9999 +999 00 00 L1C 6F
G99 99 59506 101000 0780 099 0099 +9999999999 +99999 +9999989126   +696   34 999 9999 +999 9999 +999 00 00 L1C 6E
G99 99 59506 102600 0780 099 0099 +9999999999 +99999 +9999989130   -170   24 999 9999 +999 9999 +999 00 00 L1C 64
G99 99 59506 104200 0780 099 0099 +9999999999 +99999 +9999989125   -652   34 999 9999 +999 9999 +999 00 00 L1C 6C
G99 99 59506 105800 0780 099 0099 +9999999999 +99999 +9999989124   +590   31 999 9999 +999 9999 +999 00 00 L1C 6E
G99 99 59506 111400 0780 099 0099 +9999999999 +99999 +9999989127   -760   29 999 9999 +999 9999 +999 00 00 L1C 72
G99 99 59506 113000 0780 099 0099 +9999999999 +99999 +9999989115   -431   26 999 9999 +999 9999 +999 00 00 L1C 65
G99 99 59506 114600 0780 099 0099 +9999999999 +99999 +9999989130   +768   30 999 9999 +999 9999 +999 00 00 L1C 6F
G99 99 59506 120200 0780 099 0099 +9999999999 +99999 +9999989128   +457   25 999 9999 +999 9999 +999 00 00 L1C 6E
G99 99 59506 121800 0780 099 0099 +9999999999 +99999 +9999989132   +334   24 999 9999 +999 9999 +999 00 00 L1C 69
G99 99 59506 124600 0780 099 0099 +9999999999 +99999 +9999989116   -383   21 999 9999 +999 9999 +999 00 00 L1C 6F
G99 99 59506 130200 0780 099 0099 +9999999999 +99999 +9999989120   -190   18 999 9999 +999 9999 +999 00 00 L1C 65
G99 99 59506 131800 0780 099 0099 +9999999999 +99999 +9999989105   -639   25 999 9999 +999 9999 +999 00 00 L1C 75
G99 99 59506 133400 0780 099 0099 +9999999999 +99999 +9999989108   -124   24 999 9999 +999 9999 +999 00 00 L1C 6A
G99 99 59506 135000 0780 099 0099 +9999999999 +99999 +9999989105    -30   28 999 9999 +999 9999 +999 00 00 L1C 55
G99 99 59506 140600 0780 099 0099 +9999999999 +99999 +9999989107   +405   23 999 9999 +999 9999 +999 00 00 L1C 68
G99 99 59506 151000 0780 099 0099 +9999999999 +99999 +9999988971  +1091   35 999 9999 +999 9999 +999 00 00 L1C 81
G99 99 59506 152600 0780 099 0099 +9999999999 +99999 +9999988995   -157   24 999 9999 +999 9999 +999 00 00 L1C 80
G99 99 59506 154200 0780 099 0099 +9999999999 +99999 +9999988977   -885   27 999 9999 +999 9999 +999 00 00 L1C 89
G99 99 59506 155800 0780 099 0099 +9999999999 +99999 +9999988977    +16   25 999 9999 +999 9999 +999 00 00 L1C 6E
G99 99 59506 161400 0780 099 0099 +9999999999 +99999 +9999988981   +321   22 999 9999 +999 9999 +999 00 00 L1C 6E
G99 99 59506 164600 0780 099 0099 +9999999999 +99999 +9825655022 +15221501056 1271754892 999 9999 +999 9999 +999 00 00 L1C A4
G99 99 59506 170200 0780 099 0099 +9999999999 +99999 +9999988982   +606   30 999 9999 +999 9999 +999 00 00 L1C 72
G99 99 59506 171800 0780 099 0099 +9999999999 +99999 +9999988988    +49   29 999 9999 +999 9999 +999 00 00 L1C 78
G99 99 59506 173400 0780 099 0099 +9999999999 +99999 +9999988989   +112   22 999 9999 +999 9999 +999 00 00 L1C 77
G99 99 59506 175000 0780 099 0099 +9999999999 +99999 +9999988988   +912   23 999 9999 +999 9999 +999 00 00 L1C 7D
G99 99 59506 180600 0780 099 0099 +9999999999 +99999 +9999988998    +55   28 999 9999 +999 9999 +999 00 00 L1C 73
G99 99 59506 182200 0780 099 0099 +9999999999 +99999 +9999988978   +794   33 999 9999 +999 9999 +999 00 00 L1C 85
G99 99 59506 183800 0780 099 0099 +9999999999 +99999 +9999989001   -337   25 999 9999 +999 9999 +999 00 00 L1C 72
G99 99 59506 185400 0780 099 0099 +9999999999 +99999 +9999988995   +153   23 999 9999 +999 9999 +999 00 00 L1C 7D
G99 99 59506 191000 0780 099 0099 +9999999999 +99999 +9999988999   +464   30 999 9999 +999 9999 +999 00 00 L1C 7D
G99 99 59506 192600 0780 099 0099 +9999999999 +99999 +9999988990   -815   31 999 9999 +999 9999 +999 00 00 L1C 7E
G99 99 59506 194200 0780 099 0099 +9999999999 +99999 +9999988985   -348   32 999 9999 +999 9999 +999 00 00 L1C 82
G99 99 59506 195800 0780 099 0099 +9999999999 +99999 +9999988973   -884   29 999 9999 +999 9999 +999 00 00 L1C 91
G99 99 59506 201400 0780 099 0099 +9999999999 +99999 +9999988969   +665   27 999 9999 +999 9999 +999 00 00 L1C 7F
G99 99 59506 203000 0780 099 0099 +9999999999 +99999 +9999988964   +971   28 999 9999 +999 9999 +999 00 00 L1C 79
G99 99 59506 204600 0780 099 0099 +9999999999 +99999 +9999988952   -672   32 999 9999 +999 9999 +999 00 00 L1C 78
G99 99 59506 210200 0780 099 0099 +9999999999 +99999 +9999988962   -673   26 999 9999 +999 9999 +999 00 00 L1C 76
G99 99 59506 211800 0780 099 0099 +9999999999 +99999 +9999988938   +532   28 999 9999 +999 9999 +999 00 00 L1C 7A
G99 99 59506 213400 0780 099 0099 +9999999999 +99999 +9999988945   -486   21 999 9999 +999 9999 +999 00 00 L1C 79
G99 99 59506 215000 0780 099 0099 +9999999999 +99999 +9999988941   -563   20 999 9999 +999 9999 +999 00 00 L1C 6E
G99 99 59506 220600 0780 099 0099 +9999999999 +99999 +9999988950   +483   23 999 9999 +999 9999 +999 00 00 L1C 72
G99 99 59506 222200 0780 099 0099 +9999999999 +99999 +9999988934   -375   25 999 9999 +999 9999 +999 00 00 L1C 76
G99 99 59506 223800 0780 099 0099 +9999999999 +99999 +9999988940   -736   26 999 9999 +999 9999 +999 00 00 L1C 7C
G99 99 59506 225400 0780 099 0099 +9999999999 +99999 +9999988925   +495   26 999 9999 +999 9999 +999 00 00 L1C 7D
G99 99 59506 231000 0780 099 0099 +9999999999 +99999 +9999988922   -126   21 999 9999 +999 9999 +999 00 00 L1C 67
G99 99 59506 232600 0780 099 0099 +9999999999 +99999 +9999988931   +621   22 999 9999 +999 9999 +999 00 00 L1C 6D
G99 99 59506 234200 0780 099 0099 +9999999999 +99999 +9999988936   +158   30 999 9999 +999 9999 +999 00 00 L1C 74
