CGGTTS GENERIC DATA FORMAT VERSION = 2E
REV DATE = 2014-02-20
RCVR = GORGYTIMING SYREF25 18259999 2018 v00
CH = 12
IMS = 99999
LAB = SY82
X = +4314143.824 m
Y =  +452633.241 m
Z = +4660711.385 m
FRAME = ITRF
COMMENTS = NO COMMENTS
SYS DLY = 000.0 ns (GPS C1)     CAL_ID = NA
CAB DLY = 000.0 ns
REF DLY = 000.0 ns
REF = REF(SY82)
CKSUM = 38

SAT CL  MJD  STTIME TRKL ELV AZTH   REFSV      SRSV     REFSYS    SRSYS  DSG IOE MDTR SMDT MDIO SMDI FR HC FRC CK
             hhmmss s   .1dg .1dg    .1ns     .1ps/s     .1ns    .1ps/s .1ns     .1ns.1ps/s.1ns.1ps/s
G99 99 59565 000600 0780 099 0099 +9999999999 +99999       +1540   +423   28 999 9999 +999 9999 +999 00 00 L1C D1
G99 99 59565 002200 0780 099 0099 +9999999999 +99999       +1539   -442   26 999 9999 +999 9999 +999 00 00 L1C D8
G99 99 59565 003800 0780 099 0099 +9999999999 +99999       +1537   -313   32 999 9999 +999 9999 +999 00 00 L1C D7
G99 99 59565 005400 0780 099 0099 +9999999999 +99999       +1539   +110   29 999 9999 +999 9999 +999 00 00 L1C D6
G99 99 59565 011000 0780 099 0099 +9999999999 +99999       +1513   -340   26 999 9999 +999 9999 +999 00 00 L1C CB
G99 99 59565 012600 0780 099 0099 +9999999999 +99999       +1535   -840   29 999 9999 +999 9999 +999 00 00 L1C DE
G99 99 59565 014200 0780 099 0099 +9999999999 +99999       +1540   -917   34 999 9999 +999 9999 +999 00 00 L1C D9
G99 99 59565 015800 0780 099 0099 +9999999999 +99999       +1526   +149   28 999 9999 +999 9999 +999 00 00 L1C E2
G99 99 59565 021400 0780 099 0099 +9999999999 +99999       +1532   +374   23 999 9999 +999 9999 +999 00 00 L1C D3
G99 99 59565 023000 0780 099 0099 +9999999999 +99999       +1522   -195   25 999 9999 +999 9999 +999 00 00 L1C D5
G99 99 59565 024600 0780 099 0099 +9999999999 +99999       +1545   +250   27 999 9999 +999 9999 +999 00 00 L1C D9
G99 99 59565 030200 0780 099 0099 +9999999999 +99999       +1541   +107   25 999 9999 +999 9999 +999 00 00 L1C CD
G99 99 59565 031800 0780 099 0099 +9999999999 +99999       +1529     -2   28 999 9999 +999 9999 +999 00 00 L1C B9
G99 99 59565 033400 0780 099 0099 +9999999999 +99999       +1526  -1273   31 999 9999 +999 9999 +999 00 00 L1C E9
G99 99 59565 035000 0780 099 0099 +9999999999 +99999       +1523   +475   24 999 9999 +999 9999 +999 00 00 L1C D7
G99 99 59565 040600 0780 099 0099 +9999999999 +99999       +1542   -299   29 999 9999 +999 9999 +999 00 00 L1C E5
G99 99 59565 042200 0780 099 0099 +9999999999 +99999       +1555   +550   27 999 9999 +999 9999 +999 00 00 L1C D9
G99 99 59565 043800 0780 099 0099 +9999999999 +99999       +1561   -807   31 999 9999 +999 9999 +999 00 00 L1C DF
G99 99 59565 045400 0780 099 0099 +9999999999 +99999       +1551     +1   20 999 9999 +999 9999 +999 00 00 L1C AA
G99 99 59565 051000 0780 099 0099 +9999999999 +99999       +1541   -303   24 999 9999 +999 9999 +999 00 00 L1C CD
G99 99 59565 052600 0780 099 0099 +9999999999 +99999       +1538   -103   24 999 9999 +999 9999 +999 00 00 L1C D8
G99 99 59565 054200 0780 099 0099 +9999999999 +99999       +1524   -541   20 999 9999 +999 9999 +999 00 00 L1C D3
G99 99 59565 055800 0780 099 0099 +9999999999 +99999       +1536     +8   28 999 9999 +999 9999 +999 00 00 L1C C1
G99 99 59565 061400 0780 099 0099 +9999999999 +99999       +1520   +399   27 999 9999 +999 9999 +999 00 00 L1C DF
G99 99 59565 063000 0780 099 0099 +9999999999 +99999       +1530   +633   26 999 9999 +999 9999 +999 00 00 L1C D4
G99 99 59565 064600 0780 099 0099 +9999999999 +99999       +1562   +331   26 999 9999 +999 9999 +999 00 00 L1C DB
G99 99 59565 070200 0780 099 0099 +9999999999 +99999       +1580   +412   31 999 9999 +999 9999 +999 00 00 L1C D0
G99 99 59565 071800 0780 099 0099 +9999999999 +99999       +1564   -940   36 999 9999 +999 9999 +999 00 00 L1C E6
G99 99 59565 073400 0780 099 0099 +9999999999 +99999       +1552   +852   25 999 9999 +999 9999 +999 00 00 L1C DF
G99 99 59565 075000 0780 099 0099 +9999999999 +99999       +1567    +13   22 999 9999 +999 9999 +999 00 00 L1C C5
G99 99 59565 080600 0780 099 0099 +9999999999 +99999       +1586   -650   28 999 9999 +999 9999 +999 00 00 L1C E7
G99 99 59565 082200 0780 099 0099 +9999999999 +99999       +1572   +620   28 999 9999 +999 9999 +999 00 00 L1C DB
G99 99 59565 085000 0780 099 0099 +9999999999 +99999       +1571    -74   25 999 9999 +999 9999 +999 00 00 L1C CD
G99 99 59565 090600 0780 099 0099 +9999999999 +99999       +1578    +74   27 999 9999 +999 9999 +999 00 00 L1C D6
G99 99 59565 092200 0780 099 0099 +9999999999 +99999       +1568   +489   29 999 9999 +999 9999 +999 00 00 L1C EF
G99 99 59565 093800 0780 099 0099 +9999999999 +99999       +1578   -205   24 999 9999 +999 9999 +999 00 00 L1C E6
G99 99 59565 095400 0780 099 0099 +9999999999 +99999       +1561   -124   24 999 9999 +999 9999 +999 00 00 L1C DC
G99 99 59565 101000 0780 099 0099 +9999999999 +99999       +1564  -1410   35 999 9999 +999 9999 +999 00 00 L1C E0
G99 99 59565 102600 0780 099 0099 +9999999999 +99999       +1570   -925   31 999 9999 +999 9999 +999 00 00 L1C DA
G99 99 59565 104200 0780 099 0099 +9999999999 +99999       +1573   -407   23 999 9999 +999 9999 +999 00 00 L1C D7
G99 99 59565 105800 0780 099 0099 +9999999999 +99999       +1555   -301   26 999 9999 +999 9999 +999 00 00 L1C DA
G99 99 59565 111400 0780 099 0099 +9999999999 +99999       +1546    -36   23 999 9999 +999 9999 +999 00 00 L1C C5
G99 99 59565 113000 0780 099 0099 +9999999999 +99999       +1529   +637   28 999 9999 +999 9999 +999 00 00 L1C DE
G99 99 59565 114600 0780 099 0099 +9999999999 +99999       +1512   -472   22 999 9999 +999 9999 +999 00 00 L1C D6
G99 99 59565 120200 0780 099 0099 +9999999999 +99999       +1513   +752   29 999 9999 +999 9999 +999 00 00 L1C D6
G99 99 59565 121800 0780 099 0099 +9999999999 +99999       +1510    +12   24 999 9999 +999 9999 +999 00 00 L1C BA
G99 99 59565 125000 0780 099 0099 +9999999999 +99999       +1476   -472   23 999 9999 +999 9999 +999 00 00 L1C DC
G99 99 59565 130600 0780 099 0099 +9999999999 +99999       +1470  +1036   26 999 9999 +999 9999 +999 00 00 L1C E6
G99 99 59565 132200 0780 099 0099 +9999999999 +99999       +1484   +879   34 999 9999 +999 9999 +999 00 00 L1C E6
G99 99 59565 133800 0780 099 0099 +9999999999 +99999       +1505     -9   21 999 9999 +999 9999 +999 00 00 L1C B6
G99 99 59565 135400 0780 099 0099 +9999999999 +99999       +1473   +363   31 999 9999 +999 9999 +999 00 00 L1C DA
G99 99 59565 141000 0780 099 0099 +9999999999 +99999       +1465    -42   27 999 9999 +999 9999 +999 00 00 L1C C5
G99 99 59565 142600 0780 099 0099 +9999999999 +99999       +1436  +1012   30 999 9999 +999 9999 +999 00 00 L1C E0
G99 99 59565 144200 0780 099 0099 +9999999999 +99999       +1446   -299   20 999 9999 +999 9999 +999 00 00 L1C E0
G99 99 59565 145800 0780 099 0099 +9999999999 +99999       +1440    -66   21 999 9999 +999 9999 +999 00 00 L1C CA
G99 99 59565 151400 0780 099 0099 +9999999999 +99999       +1468   +978   30 999 9999 +999 9999 +999 00 00 L1C E7
G99 99 59565 153000 0780 099 0099 +9999999999 +99999       +1452   -272   30 999 9999 +999 9999 +999 00 00 L1C D3
G99 99 59565 154600 0780 099 0099 +9999999999 +99999       +1467   +421   27 999 9999 +999 9999 +999 00 00 L1C E0
G99 99 59565 160200 0780 099 0099 +9999999999 +99999       +1502   -223   32 999 9999 +999 9999 +999 00 00 L1C CD
G99 99 59565 161800 0780 099 0099 +9999999999 +99999       +1503   -354   28 999 9999 +999 9999 +999 00 00 L1C DF
G99 99 59565 163400 0780 099 0099 +9999999999 +99999       +1506   +583   24 999 9999 +999 9999 +999 00 00 L1C DE
G99 99 59565 165000 0780 099 0099 +9999999999 +99999       +1506  -1690   37 999 9999 +999 9999 +999 00 00 L1C F2
G99 99 59565 170600 0780 099 0099 +9999999999 +99999       +1502    -72   23 999 9999 +999 9999 +999 00 00 L1C C4
G99 99 59565 172200 0780 099 0099 +9999999999 +99999       +1504    +59   21 999 9999 +999 9999 +999 00 00 L1C C5
G99 99 59565 173800 0780 099 0099 +9999999999 +99999       +1503   -201   29 999 9999 +999 9999 +999 00 00 L1C DA
G99 99 59565 175400 0780 099 0099 +9999999999 +99999       +1503    +97   21 999 9999 +999 9999 +999 00 00 L1C CB
G99 99 59565 181000 0780 099 0099 +9999999999 +99999       +1532    +75   23 999 9999 +999 9999 +999 00 00 L1C C4
G99 99 59565 182600 0780 099 0099 +9999999999 +99999       +1536   +364   21 999 9999 +999 9999 +999 00 00 L1C DE
G99 99 59565 184200 0780 099 0099 +9999999999 +99999       +1530    +53   27 999 9999 +999 9999 +999 00 00 L1C C7
G99 99 59565 185800 0780 099 0099 +9999999999 +99999       +1553    -57   27 999 9999 +999 9999 +999 00 00 L1C D9
G99 99 59565 191400 0780 099 0099 +9999999999 +99999       +1532    -62   18 999 9999 +999 9999 +999 00 00 L1C CB
G99 99 59565 193000 0780 099 0099 +9999999999 +99999       +1528  +1022   30 999 9999 +999 9999 +999 00 00 L1C E3
G99 99 59565 194600 0780 099 0099 +9999999999 +99999       +1557   +834   28 999 9999 +999 9999 +999 00 00 L1C ED
G99 99 59565 200200 0780 099 0099 +9999999999 +99999       +1565   -620   29 999 9999 +999 9999 +999 00 00 L1C D8
G99 99 59565 201800 0780 099 0099 +9999999999 +99999       +1553   -318   30 999 9999 +999 9999 +999 00 00 L1C D8
G99 99 59565 203400 0780 099 0099 +9999999999 +99999       +1552   +102   28 999 9999 +999 9999 +999 00 00 L1C D1
G99 99 59565 205000 0780 099 0099 +9999999999 +99999       +1521    -28   24 999 9999 +999 9999 +999 00 00 L1C C0
G99 99 59565 210600 0780 099 0099 +9999999999 +99999       +1516   -429   26 999 9999 +999 9999 +999 00 00 L1C DD
G99 99 59565 212200 0780 099 0099 +9999999999 +99999       +1522   -600   28 999 9999 +999 9999 +999 00 00 L1C D1
G99 99 59565 213800 0780 099 0099 +9999999999 +99999       +1509   -391   27 999 9999 +999 9999 +999 00 00 L1C E3
G99 99 59565 215400 0780 099 0099 +9999999999 +99999       +1531  +1168   41 999 9999 +999 9999 +999 00 00 L1C E9
G99 99 59565 221000 0780 099 0099 +9999999999 +99999       +1553   +428   32 999 9999 +999 9999 +999 00 00 L1C D4
G99 99 59565 222600 0780 099 0099 +9999999999 +99999       +1536   -737   30 999 9999 +999 9999 +999 00 00 L1C DF
G99 99 59565 224200 0780 099 0099 +9999999999 +99999       +1521   -684   29 999 9999 +999 9999 +999 00 00 L1C E0
G99 99 59565 225800 0780 099 0099 +9999999999 +99999       +1520   +123   27 999 9999 +999 9999 +999 00 00 L1C D6
G99 99 59565 231400 0780 099 0099 +9999999999 +99999       +1523   -535   22 999 9999 +999 9999 +999 00 00 L1C D6
G99 99 59565 233000 0780 099 0099 +9999999999 +99999       +1506  +1026   29 999 9999 +999 9999 +999 00 00 L1C E6
G99 99 59565 234600 0780 099 0099 +9999999999 +99999       +1502   +418   23 999 9999 +999 9999 +999 00 00 L1C D7
