CGGTTS GENERIC DATA FORMAT VERSION = 2E
REV DATE = 2014-02-20
RCVR = GORGYTIMING SYREF25 18259999 2018 v00
CH = 12
IMS = 99999
LAB = SY82
X = +4314139.370 m
Y =  +452634.719 m
Z = +4660707.398 m
FRAME = ITRF
COMMENTS = NO COMMENTS
SYS DLY = 000.0 ns (GPS C1)     CAL_ID = NA
CAB DLY = 000.0 ns
REF DLY = 000.0 ns
REF = REF(SY82)
CKSUM = E3

SAT CL  MJD  STTIME TRKL ELV AZTH   REFSV      SRSV     REFSYS    SRSYS  DSG IOE MDTR SMDT MDIO SMDI FR HC FRC CK
             hhmmss s   .1dg .1dg    .1ns     .1ps/s     .1ns    .1ps/s .1ns     .1ns.1ps/s.1ns.1ps/s
G99 99 59509 000600 0780 099 0099 +9999999999 +99999 +9999989838   -557   34 999 9999 +999 9999 +999 00 00 L1C 7D
G99 99 59509 002200 0780 099 0099 +9999999999 +99999 +9999989831   -724   35 999 9999 +999 9999 +999 00 00 L1C 71
G99 99 59509 003800 0780 099 0099 +9999999999 +99999 +9999989835   -573   28 999 9999 +999 9999 +999 00 00 L1C 80
G99 99 59509 005400 0780 099 0099 +9999999999 +99999 +9999989830   -496   24 999 9999 +999 9999 +999 00 00 L1C 79
G99 99 59509 011000 0780 099 0099 +9999999999 +99999 +9999989818   +442   33 999 9999 +999 9999 +999 00 00 L1C 6D
G99 99 59509 012600 0780 099 0099 +9999999999 +99999 +9999989816   -554   29 999 9999 +999 9999 +999 00 00 L1C 7D
G99 99 59509 014200 0780 099 0099 +9999999999 +99999 +9999989824   +921   29 999 9999 +999 9999 +999 00 00 L1C 76
G99 99 59509 015800 0780 099 0099 +9999999999 +99999 +9999989835   +221   30 999 9999 +999 9999 +999 00 00 L1C 70
G99 99 59509 021400 0780 099 0099 +9999999999 +99999 +9999989824   -202   35 999 9999 +999 9999 +999 00 00 L1C 6D
G99 99 59509 023000 0780 099 0099 +9999999999 +99999 +9999989818   -236   24 999 9999 +999 9999 +999 00 00 L1C 73
G99 99 59509 024600 0780 099 0099 +9999999999 +99999 +9999989815   +223   24 999 9999 +999 9999 +999 00 00 L1C 71
G99 99 59509 030200 0780 099 0099 +9999999999 +99999 +9999989829    -47   25 999 9999 +999 9999 +999 00 00 L1C 66
G99 99 59509 031800 0780 099 0099 +9999999999 +99999 +9999989815   +203   22 999 9999 +999 9999 +999 00 00 L1C 6D
G99 99 59509 033400 0780 099 0099 +9999999999 +99999 +9999989797   -982   28 999 9999 +999 9999 +999 00 00 L1C 8A
G99 99 59509 035000 0780 099 0099 +9999999999 +99999 +9999989802   +374   27 999 9999 +999 9999 +999 00 00 L1C 73
G99 99 59509 040600 0780 099 0099 +9999999999 +99999 +9999989828   -698   29 999 9999 +999 9999 +999 00 00 L1C 8A
G99 99 59509 042200 0780 099 0099 +9999999999 +99999 +9999989821   -166   31 999 9999 +999 9999 +999 00 00 L1C 70
G99 99 59509 043800 0780 099 0099 +9999999999 +99999 +9999989807   -463   22 999 9999 +999 9999 +999 00 00 L1C 7B
G99 99 59509 045400 0780 099 0099 +9999999999 +99999 +9999989791   -160   21 999 9999 +999 9999 +999 00 00 L1C 74
G99 99 59509 051000 0780 099 0099 +9999999999 +99999 +9999989814   -106   23 999 9999 +999 9999 +999 00 00 L1C 6B
G99 99 59509 052600 0780 099 0099 +9999999999 +99999 +9999989816    +74   28 999 9999 +999 9999 +999 00 00 L1C 6B
G99 99 59509 054200 0780 099 0099 +9999999999 +99999 +9999989828   +410   30 999 9999 +999 9999 +999 00 00 L1C 6F
G99 99 59509 055800 0780 099 0099 +9999999999 +99999 +9999989823   +991   26 999 9999 +999 9999 +999 00 00 L1C 84
G99 99 59509 061400 0780 099 0099 +9999999999 +99999 +9999989811    -57   24 999 9999 +999 9999 +999 00 00 L1C 63
G99 99 59509 063000 0780 099 0099 +9999999999 +99999 +9999989820    +20   26 999 9999 +999 9999 +999 00 00 L1C 57
G99 99 59509 064600 0780 099 0099 +9999999999 +99999 +9999989828   +490   24 999 9999 +999 9999 +999 00 00 L1C 7F
G99 99 59509 070200 0780 099 0099 +9999999999 +99999 +9999989822   +595   23 999 9999 +999 9999 +999 00 00 L1C 77
G99 99 59509 071800 0780 099 0099 +9999999999 +99999 +9999989827   -724   26 999 9999 +999 9999 +999 00 00 L1C 82
G99 99 59509 073400 0780 099 0099 +9999999999 +99999 +9999989840   -133   27 999 9999 +999 9999 +999 00 00 L1C 76
G99 99 59509 075000 0780 099 0099 +9999999999 +99999 +9999989831    +31   26 999 9999 +999 9999 +999 00 00 L1C 5E
G99 99 59509 080600 0780 099 0099 +9999999999 +99999 +9999989860   +530   28 999 9999 +999 9999 +999 00 00 L1C 78
G99 99 59509 082200 0780 099 0099 +9999999999 +99999 +9999989841   +570   25 999 9999 +999 9999 +999 00 00 L1C 76
G99 99 59509 083800 0780 099 0099 +9999999999 +99999 +9999989840   -492   25 999 9999 +999 9999 +999 00 00 L1C 81
G99 99 59509 085400 0780 099 0099 +9999999999 +99999 +9999989836   -297   29 999 9999 +999 9999 +999 00 00 L1C 8B
G99 99 59509 091000 0780 099 0099 +9999999999 +99999 +9999989821   -611   26 999 9999 +999 9999 +999 00 00 L1C 71
G99 99 59509 092600 0780 099 0099 +9999999999 +99999 +9999989822    +25   21 999 9999 +999 9999 +999 00 00 L1C 61
G99 99 59509 094200 0780 099 0099 +9999999999 +99999 +9999989806   -645   25 999 9999 +999 9999 +999 00 00 L1C 7F
G99 99 59509 095800 0780 099 0099 +9999999999 +99999 +9999989798    +63   24 999 9999 +999 9999 +999 00 00 L1C 77
G99 99 59509 101400 0780 099 0099 +9999999999 +99999 +9999989798   +132   26 999 9999 +999 9999 +999 00 00 L1C 76
G99 99 59509 103000 0780 099 0099 +9999999999 +99999 +9999989798    +92   26 999 9999 +999 9999 +999 00 00 L1C 69
G99 99 59509 104600 0780 099 0099 +9999999999 +99999 +9999989805   +511   22 999 9999 +999 9999 +999 00 00 L1C 6D
G99 99 59509 110200 0780 099 0099 +9999999999 +99999 +9999989812   -579   29 999 9999 +999 9999 +999 00 00 L1C 7B
G99 99 59509 111800 0780 099 0099 +9999999999 +99999 +9999989793    +76   24 999 9999 +999 9999 +999 00 00 L1C 6B
G99 99 59509 113400 0780 099 0099 +9999999999 +99999 +9999989798   +546   31 999 9999 +999 9999 +999 00 00 L1C 7E
G99 99 59509 115000 0780 099 0099 +9999999999 +99999 +9999989801  +1046   33 999 9999 +999 9999 +999 00 00 L1C 7B
G99 99 59509 120600 0780 099 0099 +9999999999 +99999 +9837654436 +8763925502 1130516158 999 9999 +999 9999 +999 00 00 L1C B7
G99 99 59509 123400 0780 099 0099 +9999999999 +99999 +9999989793    -60   37 999 9999 +999 9999 +999 00 00 L1C 69
G99 99 59509 125000 0780 099 0099 +9999999999 +99999 +9999989794   -256   22 999 9999 +999 9999 +999 00 00 L1C 79
G99 99 59509 130600 0780 099 0099 +9999999999 +99999 +9999989768   -373   24 999 9999 +999 9999 +999 00 00 L1C 7E
G99 99 59509 132200 0780 099 0099 +9999999999 +99999 +9999989766   -125   30 999 9999 +999 9999 +999 00 00 L1C 72
G99 99 59509 133800 0780 099 0099 +9999999999 +99999 +9999989771   +407   32 999 9999 +999 9999 +999 00 00 L1C 78
G99 99 59509 135400 0780 099 0099 +9999999999 +99999 +9999989779   +566   24 999 9999 +999 9999 +999 00 00 L1C 85
G99 99 59509 141000 0780 099 0099 +9999999999 +99999 +9999989771   +807   30 999 9999 +999 9999 +999 00 00 L1C 71
G99 99 59509 142600 0780 099 0099 +9999999999 +99999 +9999989781   -227   28 999 9999 +999 9999 +999 00 00 L1C 7E
G99 99 59509 144200 0780 099 0099 +9999999999 +99999 +9999989787   +129   25 999 9999 +999 9999 +999 00 00 L1C 7E
G99 99 59509 145800 0780 099 0099 +9999999999 +99999 +9999989783  +1023   32 999 9999 +999 9999 +999 00 00 L1C 89
G99 99 59509 151400 0780 099 0099 +9999999999 +99999 +9999989779    -85   24 999 9999 +999 9999 +999 00 00 L1C 71
G99 99 59509 153000 0780 099 0099 +9999999999 +99999 +9999989778   -753   26 999 9999 +999 9999 +999 00 00 L1C 82
G99 99 59509 154600 0780 099 0099 +9999999999 +99999 +9999989775   -170   24 999 9999 +999 9999 +999 00 00 L1C 7D
G99 99 59509 173800 0780 099 0099 +9999999999 +99999 +9999989503  +1710   37 999 9999 +999 9999 +999 00 00 L1C 88
G99 99 59509 175400 0780 099 0099 +9999999999 +99999 +9999989513   +645   35 999 9999 +999 9999 +999 00 00 L1C 7B
G99 99 59509 181000 0780 099 0099 +9999999999 +99999 +9999989524   +568   27 999 9999 +999 9999 +999 00 00 L1C 7B
G99 99 59509 182600 0780 099 0099 +9999999999 +99999 +9999989518   -271   25 999 9999 +999 9999 +999 00 00 L1C 7C
G99 99 59509 184200 0780 099 0099 +9999999999 +99999 +9999989525    -66   20 999 9999 +999 9999 +999 00 00 L1C 65
G99 99 59509 185800 0780 099 0099 +9999999999 +99999 +9999989526   -306   27 999 9999 +999 9999 +999 00 00 L1C 81
G99 99 59509 200200 0780 099 0099 +9999999999 +99999 +9999989687   +935   32 999 9999 +999 9999 +999 00 00 L1C 79
G99 99 59509 201800 0780 099 0099 +9999999999 +99999 +9999989685  +1088   31 999 9999 +999 9999 +999 00 00 L1C 8D
G99 99 59509 203400 0780 099 0099 +9999999999 +99999 +9999989709   -357   28 999 9999 +999 9999 +999 00 00 L1C 7E
G99 99 59509 205000 0780 099 0099 +9999999999 +99999 +9999989712   -178   27 999 9999 +999 9999 +999 00 00 L1C 76
G99 99 59509 210600 0780 099 0099 +9999999999 +99999 +9999989701   +180   26 999 9999 +999 9999 +999 00 00 L1C 6C
G99 99 59509 212200 0780 099 0099 +9999999999 +99999 +9999989712    +39   21 999 9999 +999 9999 +999 00 00 L1C 5A
G99 99 59509 213800 0780 099 0099 +9999999999 +99999 +9999989694   -861   24 999 9999 +999 9999 +999 00 00 L1C 82
G99 99 59509 215400 0780 099 0099 +9999999999 +99999 +9999989697   -504   23 999 9999 +999 9999 +999 00 00 L1C 7C
G99 99 59509 221000 0780 099 0099 +9999999999 +99999 +9999989686   -163   22 999 9999 +999 9999 +999 00 00 L1C 73
G99 99 59509 222600 0780 099 0099 +9999999999 +99999 +9999989695   -678   32 999 9999 +999 9999 +999 00 00 L1C 86
G99 99 59509 224200 0780 099 0099 +9999999999 +99999 +9999989687   -104   20 999 9999 +999 9999 +999 00 00 L1C 72
G99 99 59509 225800 0780 099 0099 +9999999999 +99999 +9999989674   -136   28 999 9999 +999 9999 +999 00 00 L1C 82
G99 99 59509 231400 0780 099 0099 +9999999999 +99999 +9999989674   +139   18 999 9999 +999 9999 +999 00 00 L1C 7B
G99 99 59509 233000 0780 099 0099 +9999999999 +99999 +9999989696   +547   27 999 9999 +999 9999 +999 00 00 L1C 80
