CGGTTS GENERIC DATA FORMAT VERSION = 2E
REV DATE = 2014-02-20
RCVR = GORGYTIMING SYREF25 18259999 2018 v00
CH = 12
IMS = 99999
LAB = SY82
X = +4314143.824 m
Y =  +452633.241 m
Z = +4660711.385 m
FRAME = ITRF
COMMENTS = NO COMMENTS
SYS DLY = 000.0 ns (GPS C1)     CAL_ID = NA
CAB DLY = 000.0 ns
REF DLY = 000.0 ns
REF = REF(SY82)
CKSUM = CE

SAT CL  MJD  STTIME TRKL ELV AZTH   REFSV      SRSV     REFSYS    SRSYS  DSG IOE MDTR SMDT MDIO SMDI FR HC FRC CK
             hhmmss s   .1dg .1dg    .1ns     .1ps/s     .1ns    .1ps/s .1ns     .1ns.1ps/s.1ns.1ps/s
G99 99 59568 001000 0780 099 0099 +9999999999 +99999       +1536   +181   26 999 9999 +999 9999 +999 00 00 L1C D3
G99 99 59568 002600 0780 099 0099 +9999999999 +99999       +1526  -1213   35 999 9999 +999 9999 +999 00 00 L1C E8
G99 99 59568 004200 0780 099 0099 +9999999999 +99999       +1515    +93   28 999 9999 +999 9999 +999 00 00 L1C C9
G99 99 59568 005800 0780 099 0099 +9999999999 +99999       +1502   +105   25 999 9999 +999 9999 +999 00 00 L1C D3
G99 99 59568 011400 0780 099 0099 +9999999999 +99999       +1533   -691   25 999 9999 +999 9999 +999 00 00 L1C DC
G99 99 59568 013000 0780 099 0099 +9999999999 +99999       +1538   -830   31 999 9999 +999 9999 +999 00 00 L1C D7
G99 99 59568 014600 0780 099 0099 +9999999999 +99999       +1521   +357   29 999 9999 +999 9999 +999 00 00 L1C DF
G99 99 59568 020200 0780 099 0099 +9999999999 +99999       +1531    +96   28 999 9999 +999 9999 +999 00 00 L1C C8
G99 99 59568 021800 0780 099 0099 +9999999999 +99999       +1501   +244   29 999 9999 +999 9999 +999 00 00 L1C D8
G99 99 59568 023400 0780 099 0099 +9999999999 +99999       +1539    +56   25 999 9999 +999 9999 +999 00 00 L1C CE
G99 99 59568 025000 0780 099 0099 +9999999999 +99999       +1536   -128   22 999 9999 +999 9999 +999 00 00 L1C D8
G99 99 59568 030600 0780 099 0099 +9999999999 +99999       +1524   -221   22 999 9999 +999 9999 +999 00 00 L1C D1
G99 99 59568 032200 0780 099 0099 +9999999999 +99999       +1525  -1152   31 999 9999 +999 9999 +999 00 00 L1C E4
G99 99 59568 033800 0780 099 0099 +9999999999 +99999       +1522   +354   22 999 9999 +999 9999 +999 00 00 L1C D9
G99 99 59568 035400 0780 099 0099 +9999999999 +99999       +1537   -360   27 999 9999 +999 9999 +999 00 00 L1C E1
G99 99 59568 041000 0780 099 0099 +9999999999 +99999       +1560     +3   22 999 9999 +999 9999 +999 00 00 L1C A9
G99 99 59568 042600 0780 099 0099 +9999999999 +99999       +1559   -885   25 999 9999 +999 9999 +999 00 00 L1C EF
G99 99 59568 044200 0780 099 0099 +9999999999 +99999       +1549    -38   20 999 9999 +999 9999 +999 00 00 L1C CD
G99 99 59568 045800 0780 099 0099 +9999999999 +99999       +1541   -281   18 999 9999 +999 9999 +999 00 00 L1C E3
G99 99 59568 051400 0780 099 0099 +9999999999 +99999       +1538   -289   20 999 9999 +999 9999 +999 00 00 L1C E3
G99 99 59568 053000 0780 099 0099 +9999999999 +99999       +1520   -244   25 999 9999 +999 9999 +999 00 00 L1C D4
G99 99 59568 054600 0780 099 0099 +9999999999 +99999       +1537    -13   26 999 9999 +999 9999 +999 00 00 L1C CE
G99 99 59568 060200 0780 099 0099 +9999999999 +99999       +1531   +173   28 999 9999 +999 9999 +999 00 00 L1C D8
G99 99 59568 061800 0780 099 0099 +9999999999 +99999       +1528   +634   28 999 9999 +999 9999 +999 00 00 L1C E7
G99 99 59568 063400 0780 099 0099 +9999999999 +99999       +1554   +461   23 999 9999 +999 9999 +999 00 00 L1C DD
G99 99 59568 065000 0780 099 0099 +9999999999 +99999       +1579   +301   25 999 9999 +999 9999 +999 00 00 L1C DD
G99 99 59568 070600 0780 099 0099 +9999999999 +99999       +1568   -750   34 999 9999 +999 9999 +999 00 00 L1C E7
G99 99 59568 072200 0780 099 0099 +9999999999 +99999       +1567   +356   26 999 9999 +999 9999 +999 00 00 L1C E5
G99 99 59568 073800 0780 099 0099 +9999999999 +99999       +1578   -810   32 999 9999 +999 9999 +999 00 00 L1C E8
G99 99 59568 075400 0780 099 0099 +9999999999 +99999       +1592   -221   28 999 9999 +999 9999 +999 00 00 L1C E3
G99 99 59568 081000 0780 099 0099 +9999999999 +99999       +1574   +157   26 999 9999 +999 9999 +999 00 00 L1C E0
G99 99 59568 083800 0780 099 0099 +9999999999 +99999       +1561   +102   23 999 9999 +999 9999 +999 00 00 L1C D9
