CGGTTS GENERIC DATA FORMAT VERSION = 2E
REV DATE = 2014-02-20
RCVR = GORGYTIMING SYREF25 18259999 2018 v00
CH = 12
IMS = 99999
LAB = SY82
X = +4314143.824 m
Y =  +452633.241 m
Z = +4660711.385 m
FRAME = ITRF
COMMENTS = NO COMMENTS
SYS DLY = 000.0 ns (GPS C1)     CAL_ID = NA
CAB DLY = 000.0 ns
REF DLY = 000.0 ns
REF = REF(SY82)
CKSUM = 38

SAT CL  MJD  STTIME TRKL ELV AZTH   REFSV      SRSV     REFSYS    SRSYS  DSG IOE MDTR SMDT MDIO SMDI FR HC FRC CK
             hhmmss s   .1dg .1dg    .1ns     .1ps/s     .1ns    .1ps/s .1ns     .1ns.1ps/s.1ns.1ps/s
G99 99 59566 000200 0780 099 0099 +9999999999 +99999       +1537   +986   29 999 9999 +999 9999 +999 00 00 L1C E3
G99 99 59566 001800 0780 099 0099 +9999999999 +99999       +1539   -370   29 999 9999 +999 9999 +999 00 00 L1C E1
G99 99 59566 003400 0780 099 0099 +9999999999 +99999       +1536   -450   25 999 9999 +999 9999 +999 00 00 L1C D7
G99 99 59566 005000 0780 099 0099 +9999999999 +99999       +1537   -139   29 999 9999 +999 9999 +999 00 00 L1C DE
G99 99 59566 010600 0780 099 0099 +9999999999 +99999       +1511   +245   22 999 9999 +999 9999 +999 00 00 L1C CD
G99 99 59566 012200 0780 099 0099 +9999999999 +99999       +1539   -716   29 999 9999 +999 9999 +999 00 00 L1C E1
G99 99 59566 013800 0780 099 0099 +9999999999 +99999       +1552   -524   31 999 9999 +999 9999 +999 00 00 L1C D9
G99 99 59566 015400 0780 099 0099 +9999999999 +99999       +1535   +384   27 999 9999 +999 9999 +999 00 00 L1C DF
G99 99 59566 021000 0780 099 0099 +9999999999 +99999       +1538    +53   25 999 9999 +999 9999 +999 00 00 L1C C2
G99 99 59566 022600 0780 099 0099 +9999999999 +99999       +1521   -501   24 999 9999 +999 9999 +999 00 00 L1C D0
G99 99 59566 024200 0780 099 0099 +9999999999 +99999       +1552   +318   22 999 9999 +999 9999 +999 00 00 L1C D4
G99 99 59566 025800 0780 099 0099 +9999999999 +99999       +1555    +68   22 999 9999 +999 9999 +999 00 00 L1C D0
G99 99 59566 031400 0780 099 0099 +9999999999 +99999       +1547   +523   27 999 9999 +999 9999 +999 00 00 L1C DB
G99 99 59566 033000 0780 099 0099 +9999999999 +99999       +1543   -585   26 999 9999 +999 9999 +999 00 00 L1C DE
G99 99 59566 034600 0780 099 0099 +9999999999 +99999       +1539   +130   21 999 9999 +999 9999 +999 00 00 L1C D5
G99 99 59566 040200 0780 099 0099 +9999999999 +99999       +1553   -308   29 999 9999 +999 9999 +999 00 00 L1C DB
G99 99 59566 041800 0780 099 0099 +9999999999 +99999       +1569   -543   25 999 9999 +999 9999 +999 00 00 L1C E6
G99 99 59566 043400 0780 099 0099 +9999999999 +99999       +1570   -430   26 999 9999 +999 9999 +999 00 00 L1C D8
G99 99 59566 045000 0780 099 0099 +9999999999 +99999       +1567   +124   21 999 9999 +999 9999 +999 00 00 L1C D5
G99 99 59566 050600 0780 099 0099 +9999999999 +99999       +1556   -166   24 999 9999 +999 9999 +999 00 00 L1C E0
G99 99 59566 052200 0780 099 0099 +9999999999 +99999       +1550   -528   22 999 9999 +999 9999 +999 00 00 L1C D8
G99 99 59566 053800 0780 099 0099 +9999999999 +99999       +1545   +329   22 999 9999 +999 9999 +999 00 00 L1C E0
G99 99 59566 055400 0780 099 0099 +9999999999 +99999       +1562   +333   24 999 9999 +999 9999 +999 00 00 L1C DA
G99 99 59566 061000 0780 099 0099 +9999999999 +99999       +1550   -469   24 999 9999 +999 9999 +999 00 00 L1C DC
G99 99 59566 062600 0780 099 0099 +9999999999 +99999       +1556   +572   25 999 9999 +999 9999 +999 00 00 L1C E3
G99 99 59566 064200 0780 099 0099 +9999999999 +99999       +1574   +235   22 999 9999 +999 9999 +999 00 00 L1C DA
G99 99 59566 065800 0780 099 0099 +9999999999 +99999       +1591   +438   21 999 9999 +999 9999 +999 00 00 L1C E4
G99 99 59566 071400 0780 099 0099 +9999999999 +99999       +1571   -727   31 999 9999 +999 9999 +999 00 00 L1C DF
G99 99 59566 073000 0780 099 0099 +9999999999 +99999       +1571   -160   21 999 9999 +999 9999 +999 00 00 L1C D3
G99 99 59566 074600 0780 099 0099 +9999999999 +99999       +1570   -457   24 999 9999 +999 9999 +999 00 00 L1C E5
G99 99 59566 080200 0780 099 0099 +9999999999 +99999       +1578   -680   30 999 9999 +999 9999 +999 00 00 L1C E1
G99 99 59566 081800 0780 099 0099 +9999999999 +99999       +1556   +584   25 999 9999 +999 9999 +999 00 00 L1C E9
G99 99 59566 084600 0780 099 0099 +9999999999 +99999       +1539   -113   21 999 9999 +999 9999 +999 00 00 L1C DD
G99 99 59566 090200 0780 099 0099 +9999999999 +99999       +1544   -149   27 999 9999 +999 9999 +999 00 00 L1C E1
G99 99 59566 091800 0780 099 0099 +9999999999 +99999       +1533   +149   28 999 9999 +999 9999 +999 00 00 L1C E5
G99 99 59566 093400 0780 099 0099 +9999999999 +99999       +1534   -198   23 999 9999 +999 9999 +999 00 00 L1C E5
G99 99 59566 095000 0780 099 0099 +9999999999 +99999       +1532   -482   18 999 9999 +999 9999 +999 00 00 L1C E1
G99 99 59566 100600 0780 099 0099 +9999999999 +99999       +1521   -941   24 999 9999 +999 9999 +999 00 00 L1C D5
G99 99 59566 102200 0780 099 0099 +9999999999 +99999       +1514  -1300   34 999 9999 +999 9999 +999 00 00 L1C DC
G99 99 59566 103800 0780 099 0099 +9999999999 +99999       +1523   -136   19 999 9999 +999 9999 +999 00 00 L1C DC
G99 99 59566 105400 0780 099 0099 +9999999999 +99999       +1506   -353   22 999 9999 +999 9999 +999 00 00 L1C D6
G99 99 59566 111000 0780 099 0099 +9999999999 +99999       +1496   -566   24 999 9999 +999 9999 +999 00 00 L1C DF
G99 99 59566 112600 0780 099 0099 +9999999999 +99999       +1479   +625   24 999 9999 +999 9999 +999 00 00 L1C E1
G99 99 59566 114200 0780 099 0099 +9999999999 +99999       +1455   -113   21 999 9999 +999 9999 +999 00 00 L1C D0
G99 99 59566 115800 0780 099 0099 +9999999999 +99999       +1462   +586   32 999 9999 +999 9999 +999 00 00 L1C E3
G99 99 59566 121400 0780 099 0099 +9999999999 +99999       +1455   -226   26 999 9999 +999 9999 +999 00 00 L1C DA
G99 99 59566 124600 0780 099 0099 +9999999999 +99999       +1424   -358   25 999 9999 +999 9999 +999 00 00 L1C E0
G99 99 59566 130200 0780 099 0099 +9999999999 +99999       +1408  +1223   29 999 9999 +999 9999 +999 00 00 L1C E5
G99 99 59566 131800 0780 099 0099 +9999999999 +99999       +1424   +549   34 999 9999 +999 9999 +999 00 00 L1C E0
G99 99 59566 133400 0780 099 0099 +9999999999 +99999       +1453    -15   22 999 9999 +999 9999 +999 00 00 L1C C3
G99 99 59566 135000 0780 099 0099 +9999999999 +99999       +1421    -35   27 999 9999 +999 9999 +999 00 00 L1C C3
G99 99 59566 140600 0780 099 0099 +9999999999 +99999       +1414   -125   29 999 9999 +999 9999 +999 00 00 L1C D9
G99 99 59566 142200 0780 099 0099 +9999999999 +99999       +1387   +748   25 999 9999 +999 9999 +999 00 00 L1C E5
G99 99 59566 143800 0780 099 0099 +9999999999 +99999       +1395   -791   25 999 9999 +999 9999 +999 00 00 L1C EB
G99 99 59566 145400 0780 099 0099 +9999999999 +99999       +1395   -774   29 999 9999 +999 9999 +999 00 00 L1C EE
G99 99 59566 151000 0780 099 0099 +9999999999 +99999       +1421  +1245   31 999 9999 +999 9999 +999 00 00 L1C DE
G99 99 59566 152600 0780 099 0099 +9999999999 +99999       +1409   -235   29 999 9999 +999 9999 +999 00 00 L1C E2
G99 99 59566 154200 0780 099 0099 +9999999999 +99999       +1426   +181   24 999 9999 +999 9999 +999 00 00 L1C D8
G99 99 59566 155800 0780 099 0099 +9999999999 +99999       +1460   -355   29 999 9999 +999 9999 +999 00 00 L1C E7
G99 99 59566 161400 0780 099 0099 +9999999999 +99999       +1469     +0   22 999 9999 +999 9999 +999 00 00 L1C B3
G99 99 59566 163000 0780 099 0099 +9999999999 +99999       +1469    +70   19 999 9999 +999 9999 +999 00 00 L1C CE
G99 99 59566 164600 0780 099 0099 +9999999999 +99999       +1474  -1958   43 999 9999 +999 9999 +999 00 00 L1C 00
G99 99 59566 170200 0780 099 0099 +9999999999 +99999       +1465   +180   23 999 9999 +999 9999 +999 00 00 L1C D7
G99 99 59566 171800 0780 099 0099 +9999999999 +99999       +1459   +189   20 999 9999 +999 9999 +999 00 00 L1C E7
G99 99 59566 173400 0780 099 0099 +9999999999 +99999       +1467    +70   29 999 9999 +999 9999 +999 00 00 L1C D2
G99 99 59566 175000 0780 099 0099 +9999999999 +99999       +1474   +530   26 999 9999 +999 9999 +999 00 00 L1C DC
G99 99 59566 180600 0780 099 0099 +9999999999 +99999       +1509   -158   25 999 9999 +999 9999 +999 00 00 L1C E4
G99 99 59566 182200 0780 099 0099 +9999999999 +99999       +1520   +444   22 999 9999 +999 9999 +999 00 00 L1C D4
G99 99 59566 183800 0780 099 0099 +9999999999 +99999       +1525   +529   34 999 9999 +999 9999 +999 00 00 L1C E7
G99 99 59566 185400 0780 099 0099 +9999999999 +99999       +1554   -111   26 999 9999 +999 9999 +999 00 00 L1C DD
G99 99 59566 191000 0780 099 0099 +9999999999 +99999       +1529   -367   21 999 9999 +999 9999 +999 00 00 L1C E0
G99 99 59566 192600 0780 099 0099 +9999999999 +99999       +1533  +1057   29 999 9999 +999 9999 +999 00 00 L1C F5
G99 99 59566 194200 0780 099 0099 +9999999999 +99999       +1570   +686   28 999 9999 +999 9999 +999 00 00 L1C EA
G99 99 59566 195800 0780 099 0099 +9999999999 +99999       +1576   -880   34 999 9999 +999 9999 +999 00 00 L1C F2
G99 99 59566 201400 0780 099 0099 +9999999999 +99999       +1561   -305   28 999 9999 +999 9999 +999 00 00 L1C D7
G99 99 59566 203000 0780 099 0099 +9999999999 +99999       +1565   -132   31 999 9999 +999 9999 +999 00 00 L1C D1
G99 99 59566 204600 0780 099 0099 +9999999999 +99999       +1545   +180   27 999 9999 +999 9999 +999 00 00 L1C DC
G99 99 59566 210200 0780 099 0099 +9999999999 +99999       +1532   -523   27 999 9999 +999 9999 +999 00 00 L1C D4
G99 99 59566 211800 0780 099 0099 +9999999999 +99999       +1549   -299   26 999 9999 +999 9999 +999 00 00 L1C EC
G99 99 59566 213400 0780 099 0099 +9999999999 +99999       +1536   +151   21 999 9999 +999 9999 +999 00 00 L1C D2
G99 99 59566 215000 0780 099 0099 +9999999999 +99999       +1555  +1977   46 999 9999 +999 9999 +999 00 00 L1C F9
G99 99 59566 220600 0780 099 0099 +9999999999 +99999       +1584    +72   25 999 9999 +999 9999 +999 00 00 L1C CB
G99 99 59566 222200 0780 099 0099 +9999999999 +99999       +1568  -1077   31 999 9999 +999 9999 +999 00 00 L1C F0
G99 99 59566 223800 0780 099 0099 +9999999999 +99999       +1541   -113   24 999 9999 +999 9999 +999 00 00 L1C D6
G99 99 59566 225400 0780 099 0099 +9999999999 +99999       +1536   -255   23 999 9999 +999 9999 +999 00 00 L1C DE
G99 99 59566 231000 0780 099 0099 +9999999999 +99999       +1540     +4   24 999 9999 +999 9999 +999 00 00 L1C A9
G99 99 59566 232600 0780 099 0099 +9999999999 +99999       +1522  +1203   28 999 9999 +999 9999 +999 00 00 L1C E6
G99 99 59566 234200 0780 099 0099 +9999999999 +99999       +1503   +283   20 999 9999 +999 9999 +999 00 00 L1C D2
