CGGTTS GENERIC DATA FORMAT VERSION = 2E
REV DATE = 2014-02-20
RCVR = GORGYTIMING SYREF25 18259999 2018 v00
CH = 12
IMS = 99999
LAB = SY82
X = +4314135.241 m
Y =  +452632.826 m
Z = +4660702.606 m
FRAME = ITRF
COMMENTS = NO COMMENTS
SYS DLY = 000.0 ns (GPS C1)     CAL_ID = NA
CAB DLY = 000.0 ns
REF DLY = 000.0 ns
REF = REF(SY82)
CKSUM = CC

SAT CL  MJD  STTIME TRKL ELV AZTH   REFSV      SRSV     REFSYS    SRSYS  DSG IOE MDTR SMDT MDIO SMDI FR HC FRC CK
             hhmmss s   .1dg .1dg    .1ns     .1ps/s     .1ns    .1ps/s .1ns     .1ns.1ps/s.1ns.1ps/s
G99 99 59508 001000 0780 099 0099 +9999999999 +99999 +9999988799   -546   25 999 9999 +999 9999 +999 00 00 L1C 7A
G99 99 59508 002600 0780 099 0099 +9999999999 +99999 +9999988777   -240   21 999 9999 +999 9999 +999 00 00 L1C 70
G99 99 59508 004200 0780 099 0099 +9999999999 +99999 +9999988799   -119   22 999 9999 +999 9999 +999 00 00 L1C 78
G99 99 59508 005800 0780 099 0099 +9999999999 +99999 +9999988796    +17   20 999 9999 +999 9999 +999 00 00 L1C 65
G99 99 59508 011400 0780 099 0099 +9999999999 +99999 +9999988792   +282   20 999 9999 +999 9999 +999 00 00 L1C 6E
G99 99 59508 013000 0780 099 0099 +9999999999 +99999 +9999988790   -579   21 999 9999 +999 9999 +999 00 00 L1C 76
G99 99 59508 014600 0780 099 0099 +9999999999 +99999 +9999988783   +174   20 999 9999 +999 9999 +999 00 00 L1C 73
G99 99 59508 020200 0780 099 0099 +9999999999 +99999 +9999988780    -17   23 999 9999 +999 9999 +999 00 00 L1C 5A
G99 99 59508 021800 0780 099 0099 +9999999999 +99999 +9999988773    +44   20 999 9999 +999 9999 +999 00 00 L1C 5E
G99 99 59508 023400 0780 099 0099 +9999999999 +99999 +9999988757   +326   20 999 9999 +999 9999 +999 00 00 L1C 71
G99 99 59508 025000 0780 099 0099 +9999999999 +99999 +9999988759   +226   14 999 9999 +999 9999 +999 00 00 L1C 73
G99 99 59508 030600 0780 099 0099 +9999999999 +99999 +9999988768   +376   15 999 9999 +999 9999 +999 00 00 L1C 7C
G99 99 59508 032200 0780 099 0099 +9999999999 +99999 +9999988762    -21   21 999 9999 +999 9999 +999 00 00 L1C 56
G99 99 59508 033800 0780 099 0099 +9999999999 +99999 +9999988758   -274   20 999 9999 +999 9999 +999 00 00 L1C 7B
G99 99 59508 035400 0780 099 0099 +9999999999 +99999 +9999988756    -86   19 999 9999 +999 9999 +999 00 00 L1C 70
G99 99 59508 041000 0780 099 0099 +9999999999 +99999 +9999988758   -687   24 999 9999 +999 9999 +999 00 00 L1C 7E
G99 99 59508 042600 0780 099 0099 +9999999999 +99999 +9999988756   -300   22 999 9999 +999 9999 +999 00 00 L1C 6F
G99 99 59508 044200 0780 099 0099 +9999999999 +99999 +9999988754   -224   16 999 9999 +999 9999 +999 00 00 L1C 73
G99 99 59508 045800 0780 099 0099 +9999999999 +99999 +9999988742   +350   20 999 9999 +999 9999 +999 00 00 L1C 70
G99 99 59508 051400 0780 099 0099 +9999999999 +99999 +9999988756   +215   22 999 9999 +999 9999 +999 00 00 L1C 70
G99 99 59508 053000 0780 099 0099 +9999999999 +99999 +9999988765   +500   22 999 9999 +999 9999 +999 00 00 L1C 6B
G99 99 59508 054600 0780 099 0099 +9999999999 +99999 +9999988776    +73   23 999 9999 +999 9999 +999 00 00 L1C 6A
G99 99 59508 060200 0780 099 0099 +9999999999 +99999 +9999988771   +776   25 999 9999 +999 9999 +999 00 00 L1C 7A
G99 99 59508 061800 0780 099 0099 +9999999999 +99999 +9999988774    -43   18 999 9999 +999 9999 +999 00 00 L1C 6B
G99 99 59508 072200 0780 099 0099 +9999999999 +99999 +9999989787   -504   18 999 9999 +999 9999 +999 00 00 L1C 7E
G99 99 59508 073800 0780 099 0099 +9999999999 +99999 +9999989779   -120   20 999 9999 +999 9999 +999 00 00 L1C 79
G99 99 59508 075400 0780 099 0099 +9999999999 +99999 +9999989777   -250   22 999 9999 +999 9999 +999 00 00 L1C 7B
G99 99 59508 081000 0780 099 0099 +9999999999 +99999 +9999989792  +1287   28 999 9999 +999 9999 +999 00 00 L1C 90
G99 99 59508 082600 0780 099 0099 +9999999999 +99999 +9999989784   +191   21 999 9999 +999 9999 +999 00 00 L1C 7A
G99 99 59508 084200 0780 099 0099 +9999999999 +99999 +9999989786   -305   23 999 9999 +999 9999 +999 00 00 L1C 7B
G99 99 59508 085800 0780 099 0099 +9999999999 +99999 +9999989776   +162   24 999 9999 +999 9999 +999 00 00 L1C 81
G99 99 59508 091400 0780 099 0099 +9999999999 +99999 +9999989787   +148   19 999 9999 +999 9999 +999 00 00 L1C 84
G99 99 59508 093000 0780 099 0099 +9999999999 +99999 +9999989796   -521   19 999 9999 +999 9999 +999 00 00 L1C 7F
G99 99 59508 103400 0780 099 0099 +9999999999 +99999 +9999989810   +102   25 999 9999 +999 9999 +999 00 00 L1C 64
G99 99 59508 105000 0780 099 0099 +9999999999 +99999 +9999989823   +616   28 999 9999 +999 9999 +999 00 00 L1C 73
G99 99 59508 110600 0780 099 0099 +9999999999 +99999 +9999989825   -404   23 999 9999 +999 9999 +999 00 00 L1C 6F
G99 99 59508 112200 0780 099 0099 +9999999999 +99999 +9999989813   -191   19 999 9999 +999 9999 +999 00 00 L1C 72
G99 99 59508 113800 0780 099 0099 +9999999999 +99999 +9999989814    +83   23 999 9999 +999 9999 +999 00 00 L1C 63
G99 99 59508 115400 0780 099 0099 +9999999999 +99999 +9999989825   +941   25 999 9999 +999 9999 +999 00 00 L1C 78
G99 99 59508 121000 0780 099 0099 +9999999999 +99999 +9999989834   -317   17 999 9999 +999 9999 +999 00 00 L1C 71
G99 99 59508 123800 0780 099 0099 +9999999999 +99999 +9999989821   -169   24 999 9999 +999 9999 +999 00 00 L1C 7A
G99 99 59508 125400 0780 099 0099 +9999999999 +99999 +9999989808   -164   21 999 9999 +999 9999 +999 00 00 L1C 75
G99 99 59508 131000 0780 099 0099 +9999999999 +99999 +9999989795   -565   23 999 9999 +999 9999 +999 00 00 L1C 7A
G99 99 59508 132600 0780 099 0099 +9999999999 +99999 +9999989794    +34   26 999 9999 +999 9999 +999 00 00 L1C 68
G99 99 59508 134200 0780 099 0099 +9999999999 +99999 +9999989786   +648   22 999 9999 +999 9999 +999 00 00 L1C 7E
G99 99 59508 135800 0780 099 0099 +9999999999 +99999 +9999989805   +711   24 999 9999 +999 9999 +999 00 00 L1C 76
G99 99 59508 141400 0780 099 0099 +9999999999 +99999 +9999989791   +644   25 999 9999 +999 9999 +999 00 00 L1C 79
G99 99 59508 143000 0780 099 0099 +9999999999 +99999 +9999989806   -557   23 999 9999 +999 9999 +999 00 00 L1C 77
G99 99 59508 144600 0780 099 0099 +9999999999 +99999 +9999989807   +219   23 999 9999 +999 9999 +999 00 00 L1C 78
G99 99 59508 150200 0780 099 0099 +9999999999 +99999 +9999989809   +709   24 999 9999 +999 9999 +999 00 00 L1C 78
G99 99 59508 151800 0780 099 0099 +9999999999 +99999 +9999989813    +82   20 999 9999 +999 9999 +999 00 00 L1C 60
G99 99 59508 153400 0780 099 0099 +9999999999 +99999 +9999989800   -695   22 999 9999 +999 9999 +999 00 00 L1C 78
G99 99 59508 155000 0780 099 0099 +9999999999 +99999 +9999989784   -551   22 999 9999 +999 9999 +999 00 00 L1C 78
G99 99 59508 160600 0780 099 0099 +9999999999 +99999 +9999989794   +367   24 999 9999 +999 9999 +999 00 00 L1C 80
G99 99 59508 163800 0780 099 0099 +9999999999 +99999 +9999989779   -907   22 999 9999 +999 9999 +999 00 00 L1C 88
G99 99 59508 165400 0780 099 0099 +9999999999 +99999 +9999989786   +531   25 999 9999 +999 9999 +999 00 00 L1C 7E
G99 99 59508 171000 0780 099 0099 +9999999999 +99999 +9999989772   +133   29 999 9999 +999 9999 +999 00 00 L1C 74
G99 99 59508 172600 0780 099 0099 +9999999999 +99999 +9999989790   -333   24 999 9999 +999 9999 +999 00 00 L1C 7A
G99 99 59508 174200 0780 099 0099 +9999999999 +99999 +9999989781  +1026   27 999 9999 +999 9999 +999 00 00 L1C 89
G99 99 59508 175800 0780 099 0099 +9999999999 +99999 +9999989791   -354   32 999 9999 +999 9999 +999 00 00 L1C 82
G99 99 59508 181400 0780 099 0099 +9999999999 +99999 +9999989775   +106   28 999 9999 +999 9999 +999 00 00 L1C 7B
G99 99 59508 183000 0780 099 0099 +9999999999 +99999 +9999989770   -226   21 999 9999 +999 9999 +999 00 00 L1C 72
G99 99 59508 193400 0780 099 0099 +9999999999 +99999 +9999989845   -444   29 999 9999 +999 9999 +999 00 00 L1C 84
G99 99 59508 195000 0780 099 0099 +9999999999 +99999 +9999989842   -108   22 999 9999 +999 9999 +999 00 00 L1C 75
G99 99 59508 200600 0780 099 0099 +9999999999 +99999 +9999989836   +218   26 999 9999 +999 9999 +999 00 00 L1C 75
G99 99 59508 202200 0780 099 0099 +9999999999 +99999 +9999989823   +895   27 999 9999 +999 9999 +999 00 00 L1C 7B
G99 99 59508 203800 0780 099 0099 +9999999999 +99999 +9999989828   -385   30 999 9999 +999 9999 +999 00 00 L1C 7D
G99 99 59508 205400 0780 099 0099 +9999999999 +99999 +9999989828    +42   23 999 9999 +999 9999 +999 00 00 L1C 61
G99 99 59508 211000 0780 099 0099 +9999999999 +99999 +9999989817   +231   22 999 9999 +999 9999 +999 00 00 L1C 67
G99 99 59508 212600 0780 099 0099 +9999999999 +99999 +9999989824   +158   25 999 9999 +999 9999 +999 00 00 L1C 77
G99 99 59508 214200 0780 099 0099 +9999999999 +99999 +9999989811    -89   23 999 9999 +999 9999 +999 00 00 L1C 64
G99 99 59508 215800 0780 099 0099 +9999999999 +99999 +9999989828   +393   19 999 9999 +999 9999 +999 00 00 L1C 84
G99 99 59508 221400 0780 099 0099 +9999999999 +99999 +9999989822   -359   27 999 9999 +999 9999 +999 00 00 L1C 7A
G99 99 59508 223000 0780 099 0099 +9999999999 +99999 +9999989829   -586   29 999 9999 +999 9999 +999 00 00 L1C 83
G99 99 59508 224600 0780 099 0099 +9999999999 +99999 +9999989827   +938   24 999 9999 +999 9999 +999 00 00 L1C 82
G99 99 59508 230200 0780 099 0099 +9999999999 +99999 +9999989832    +15   20 999 9999 +999 9999 +999 00 00 L1C 55
G99 99 59508 231800 0780 099 0099 +9999999999 +99999 +9999989827   +449   21 999 9999 +999 9999 +999 00 00 L1C 7C
G99 99 59508 233400 0780 099 0099 +9999999999 +99999 +9999989846   +595   31 999 9999 +999 9999 +999 00 00 L1C 7E
G99 99 59508 235000 0780 099 0099 +9999999999 +99999 +9999989830   -617   31 999 9999 +999 9999 +999 00 00 L1C 72
